{
  "copula_id": "gaussian_5x5_uk_v3_calibrated",
  "calibration_version": "v4-uk-residual-fit",
  "calibration_basis": "empirical",
  "generated_at_utc": "2026-02-24T19:24:59.205951Z",
  "as_of_utc": "2026-02-24T19:24:59.205963Z",
  "fit_window": {
    "start_utc": "",
    "end_utc": ""
  },
  "holdout_window": {
    "start_utc": "2026-02-24T16:31:42Z",
    "end_utc": "2026-02-24T16:31:42Z"
  },
  "split_strategy": "temporal_forward_plus_corridor_block",
  "holdout_metrics": {
    "coverage": 1.0,
    "pit_mean": 0.5166115503140447,
    "crps_mean": 0.47094813167780614,
    "duration_mape": 0.14012206729615986,
    "holdout_rows": 50000.0,
    "covered_rows": 50000.0
  },
  "regimes": {
    "holiday_offpeak_high": {
      "sigma_scale": 0.986491825424316,
      "traffic_scale": 2.12253030897125,
      "incident_scale": 1.365055569102875,
      "weather_scale": 1.0671813519224107,
      "price_scale": 1.880138435053689,
      "eco_scale": 1.7003907523380672,
      "spread_floor": 0.18,
      "spread_cap": 0.65,
      "factor_low": 1.0,
      "factor_high": 2.313003465,
      "duration_mix": [
        0.6751657651505268,
        0.24674429908447085,
        0.07808993576500226
      ],
      "monetary_mix": [
        0.6496772389724149,
        0.35032276102758514
      ],
      "emissions_mix": [
        0.7125799834059544,
        0.2874200165940457
      ],
      "corr": [
        [
          1.0,
          -0.2122321671317109,
          0.12848231527940268,
          0.9774427447894845,
          0.9737374359622089
        ],
        [
          -0.2122321671317109,
          1.0,
          -0.42359782131485124,
          -0.0010555247880250503,
          -0.2976464527475734
        ],
        [
          0.12848231527940268,
          -0.42359782131485124,
          1.0,
          0.0399277212904742,
          0.35089493579156067
        ],
        [
          0.9774427447894845,
          -0.0010555247880250503,
          0.0399277212904742,
          1.0,
          0.9321078877287733
        ],
        [
          0.9737374359622089,
          -0.2976464527475734,
          0.35089493579156067,
          0.9321078877287733,
          1.0
        ]
      ],
      "transform_family": "quantile_mapping_v1",
      "shock_quantile_mapping": {
        "traffic": [
          [
            -2.0,
            1.22260025
          ],
          [
            -1.0,
            1.34353156
          ],
          [
            0.0,
            2.092679
          ],
          [
            1.0,
            2.83686608
          ],
          [
            2.0,
            2.97393465
          ]
        ],
        "incident": [
          [
            -2.0,
            0.9697064000000001
          ],
          [
            -1.0,
            1.0286600799999999
          ],
          [
            0.0,
            1.298247
          ],
          [
            1.0,
            1.7998277200000001
          ],
          [
            2.0,
            1.84598305
          ]
        ],
        "weather": [
          [
            -2.0,
            0.78118625
          ],
          [
            -1.0,
            0.7949423600000001
          ],
          [
            0.0,
            1.009747
          ],
          [
            1.0,
            1.2613707600000001
          ],
          [
            2.0,
            1.7469491
          ]
        ],
        "price": [
          [
            -2.0,
            1.24674835
          ],
          [
            -1.0,
            1.39380492
          ],
          [
            0.0,
            1.860223
          ],
          [
            1.0,
            2.3431256400000002
          ],
          [
            2.0,
            2.60791865
          ]
        ],
        "eco": [
          [
            -2.0,
            1.0848038
          ],
          [
            -1.0,
            1.21302392
          ],
          [
            0.0,
            1.692363
          ],
          [
            1.0,
            2.179728
          ],
          [
            2.0,
            2.2965291000000003
          ]
        ]
      }
    },
    "holiday_offpeak_low": {
      "sigma_scale": 0.11758298538263112,
      "traffic_scale": 0.8401015193465176,
      "incident_scale": 1.3916886259673258,
      "weather_scale": 1.0313657936371452,
      "price_scale": 1.0166094084264832,
      "eco_scale": 0.9166072519346518,
      "spread_floor": 0.02,
      "spread_cap": 0.18775013625263873,
      "factor_low": 0.941067569,
      "factor_high": 1.09904189,
      "duration_mix": [
        0.3394462962611994,
        0.5385695426657826,
        0.12198416107301809
      ],
      "monetary_mix": [
        0.866011711826859,
        0.13398828817314093
      ],
      "emissions_mix": [
        0.8549355179659303,
        0.14506448203406977
      ],
      "corr": [
        [
          1.0,
          0.500685439483094,
          -0.16104886076403932,
          0.7538909541687401,
          0.4218784083177221
        ],
        [
          0.500685439483094,
          1.0,
          -0.2910218003853945,
          0.9461802999374452,
          0.017957388259376695
        ],
        [
          -0.16104886076403932,
          -0.2910218003853945,
          1.0,
          -0.281094018506455,
          0.8268743349625401
        ],
        [
          0.7538909541687401,
          0.9461802999374452,
          -0.281094018506455,
          1.0,
          0.1713603727187966
        ],
        [
          0.4218784083177221,
          0.017957388259376695,
          0.8268743349625401,
          0.1713603727187966,
          1.0
        ]
      ],
      "transform_family": "quantile_mapping_v1",
      "shock_quantile_mapping": {
        "traffic": [
          [
            -2.0,
            0.77068865
          ],
          [
            -1.0,
            0.79922336
          ],
          [
            0.0,
            0.842855
          ],
          [
            1.0,
            0.8800078
          ],
          [
            2.0,
            0.89566495
          ]
        ],
        "incident": [
          [
            -2.0,
            1.1115145
          ],
          [
            -1.0,
            1.26872128
          ],
          [
            0.0,
            1.34338
          ],
          [
            1.0,
            1.52460288
          ],
          [
            2.0,
            1.7762155499999999
          ]
        ],
        "weather": [
          [
            -2.0,
            0.80040615
          ],
          [
            -1.0,
            0.9960966400000001
          ],
          [
            0.0,
            1.010843
          ],
          [
            1.0,
            1.1033672399999999
          ],
          [
            2.0,
            1.20914995
          ]
        ],
        "price": [
          [
            -2.0,
            0.8878255
          ],
          [
            -1.0,
            0.94490172
          ],
          [
            0.0,
            1.022525
          ],
          [
            1.0,
            1.0806054
          ],
          [
            2.0,
            1.16735495
          ]
        ],
        "eco": [
          [
            -2.0,
            0.8486631
          ],
          [
            -1.0,
            0.88857264
          ],
          [
            0.0,
            0.91607
          ],
          [
            1.0,
            0.93898844
          ],
          [
            2.0,
            1.0042522
          ]
        ]
      }
    },
    "holiday_offpeak_mid": {
      "sigma_scale": 0.10374884796437658,
      "traffic_scale": 1.037801234096692,
      "incident_scale": 1.4315154783715014,
      "weather_scale": 1.03769281043257,
      "price_scale": 1.1637898180661577,
      "eco_scale": 1.0377578683206108,
      "spread_floor": 0.08062548654509438,
      "spread_cap": 0.49041594422991897,
      "factor_low": 1.0,
      "factor_high": 1.3093489995,
      "duration_mix": [
        0.22437168151425907,
        0.6350172415356359,
        0.1406110769501051
      ],
      "monetary_mix": [
        0.739833159584973,
        0.2601668404150271
      ],
      "emissions_mix": [
        0.8828008658029131,
        0.11719913419708694
      ],
      "corr": [
        [
          1.0,
          -0.11592658104640947,
          -0.11716172105901564,
          0.5855149997342972,
          0.6993587213662891
        ],
        [
          -0.11592658104640947,
          1.0,
          -0.18884397129907415,
          0.7373191659216759,
          -0.22676614360319192
        ],
        [
          -0.11716172105901564,
          -0.18884397129907415,
          1.0,
          -0.23381298304153658,
          0.6279100514019724
        ],
        [
          0.5855149997342972,
          0.7373191659216759,
          -0.23381298304153658,
          1.0,
          0.2905764700673529
        ],
        [
          0.6993587213662891,
          -0.22676614360319192,
          0.6279100514019724,
          0.2905764700673529,
          1.0
        ]
      ],
      "transform_family": "quantile_mapping_v1",
      "shock_quantile_mapping": {
        "traffic": [
          [
            -2.0,
            0.90519235
          ],
          [
            -1.0,
            0.93230308
          ],
          [
            0.0,
            1.030897
          ],
          [
            1.0,
            1.14763724
          ],
          [
            2.0,
            1.1907821500000002
          ]
        ],
        "incident": [
          [
            -2.0,
            1.1020906
          ],
          [
            -1.0,
            1.25861016
          ],
          [
            0.0,
            1.3304814999999999
          ],
          [
            1.0,
            1.8007402
          ],
          [
            2.0,
            1.8422369749999998
          ]
        ],
        "weather": [
          [
            -2.0,
            0.784885125
          ],
          [
            -1.0,
            0.9928577599999999
          ],
          [
            0.0,
            1.0130715000000001
          ],
          [
            1.0,
            1.1201561999999998
          ],
          [
            2.0,
            1.247715799999998
          ]
        ],
        "price": [
          [
            -2.0,
            1.0109823
          ],
          [
            -1.0,
            1.06666916
          ],
          [
            0.0,
            1.16242
          ],
          [
            1.0,
            1.23730352
          ],
          [
            2.0,
            1.372407425
          ]
        ],
        "eco": [
          [
            -2.0,
            0.9398920000000001
          ],
          [
            -1.0,
            0.96939884
          ],
          [
            0.0,
            1.0269195
          ],
          [
            1.0,
            1.10605168
          ],
          [
            2.0,
            1.1869817999999999
          ]
        ]
      }
    },
    "holiday_peak_high": {
      "sigma_scale": 1.024262076422493,
      "traffic_scale": 2.166912126647756,
      "incident_scale": 1.3632126846320707,
      "weather_scale": 1.0753302484565326,
      "price_scale": 1.9097283420657432,
      "eco_scale": 1.7302793942933423,
      "spread_floor": 0.18,
      "spread_cap": 0.65,
      "factor_low": 1.0,
      "factor_high": 2.33284983,
      "duration_mix": [
        0.680414727287515,
        0.23933011634750534,
        0.0802551563649797
      ],
      "monetary_mix": [
        0.649177512576037,
        0.3508224874239631
      ],
      "emissions_mix": [
        0.7101729768628683,
        0.2898270231371316
      ],
      "corr": [
        [
          1.0,
          -0.18061385991528064,
          0.19415595472993571,
          0.9774641950007151,
          0.975046947530622
        ],
        [
          -0.18061385991528064,
          1.0,
          -0.43951031622518955,
          0.03108593780251143,
          -0.2676345649169211
        ],
        [
          0.19415595472993571,
          -0.43951031622518955,
          1.0,
          0.1029744267146108,
          0.4070854459322898
        ],
        [
          0.9774641950007151,
          0.03108593780251143,
          0.1029744267146108,
          1.0,
          0.9334288142550721
        ],
        [
          0.975046947530622,
          -0.2676345649169211,
          0.4070854459322898,
          0.9334288142550721,
          1.0
        ]
      ],
      "transform_family": "quantile_mapping_v1",
      "shock_quantile_mapping": {
        "traffic": [
          [
            -2.0,
            1.2216742
          ],
          [
            -1.0,
            1.37608536
          ],
          [
            0.0,
            2.211827
          ],
          [
            1.0,
            2.84769068
          ],
          [
            2.0,
            3.0108724
          ]
        ],
        "incident": [
          [
            -2.0,
            0.9702336
          ],
          [
            -1.0,
            1.02527444
          ],
          [
            0.0,
            1.297121
          ],
          [
            1.0,
            1.8011532399999999
          ],
          [
            2.0,
            1.8467660000000001
          ]
        ],
        "weather": [
          [
            -2.0,
            0.7806118
          ],
          [
            -1.0,
            0.79541748
          ],
          [
            0.0,
            1.011321
          ],
          [
            1.0,
            1.2625980799999998
          ],
          [
            2.0,
            1.7484366
          ]
        ],
        "price": [
          [
            -2.0,
            1.2467782
          ],
          [
            -1.0,
            1.4029014
          ],
          [
            0.0,
            1.936062
          ],
          [
            1.0,
            2.35590968
          ],
          [
            2.0,
            2.6238064
          ]
        ],
        "eco": [
          [
            -2.0,
            1.099513
          ],
          [
            -1.0,
            1.23188748
          ],
          [
            0.0,
            1.735707
          ],
          [
            1.0,
            2.19410428
          ],
          [
            2.0,
            2.3085412
          ]
        ]
      }
    },
    "holiday_peak_low": {
      "sigma_scale": 0.11737443372898121,
      "traffic_scale": 0.8397500845697329,
      "incident_scale": 1.3925379179030664,
      "weather_scale": 1.0315700914935708,
      "price_scale": 1.0166421978239368,
      "eco_scale": 0.9164780905044511,
      "spread_floor": 0.02,
      "spread_cap": 0.18752739675155386,
      "factor_low": 0.943093325,
      "factor_high": 1.099200925,
      "duration_mix": [
        0.33930904627856767,
        0.5386708033359124,
        0.12202015038551997
      ],
      "monetary_mix": [
        0.8661682846137471,
        0.13383171538625308
      ],
      "emissions_mix": [
        0.8550183233005662,
        0.14498167669943388
      ],
      "corr": [
        [
          1.0,
          0.44895657711288767,
          -0.05367533230042522,
          0.7221010120473542,
          0.49387363623210184
        ],
        [
          0.44895657711288767,
          1.0,
          -0.2676613894772794,
          0.9423413109793666,
          0.009635151642500546
        ],
        [
          -0.05367533230042522,
          -0.2676613894772794,
          1.0,
          -0.22732562500132944,
          0.8417713698977598
        ],
        [
          0.7221010120473542,
          0.9423413109793666,
          -0.22732562500132944,
          1.0,
          0.19242472452241513
        ],
        [
          0.49387363623210184,
          0.009635151642500546,
          0.8417713698977598,
          0.19242472452241513,
          1.0
        ]
      ],
      "transform_family": "quantile_mapping_v1",
      "shock_quantile_mapping": {
        "traffic": [
          [
            -2.0,
            0.77232155
          ],
          [
            -1.0,
            0.8006408
          ],
          [
            0.0,
            0.8419455
          ],
          [
            1.0,
            0.87939384
          ],
          [
            2.0,
            0.8969078
          ]
        ],
        "incident": [
          [
            -2.0,
            1.1114304
          ],
          [
            -1.0,
            1.26913588
          ],
          [
            0.0,
            1.395039
          ],
          [
            1.0,
            1.52196912
          ],
          [
            2.0,
            1.77884135
          ]
        ],
        "weather": [
          [
            -2.0,
            0.8015783999999999
          ],
          [
            -1.0,
            0.9960071199999999
          ],
          [
            0.0,
            1.0112109999999999
          ],
          [
            1.0,
            1.1044821999999999
          ],
          [
            2.0,
            1.209007875
          ]
        ],
        "price": [
          [
            -2.0,
            0.890349775
          ],
          [
            -1.0,
            0.9490024
          ],
          [
            0.0,
            1.0192445
          ],
          [
            1.0,
            1.07717844
          ],
          [
            2.0,
            1.1719913
          ]
        ],
        "eco": [
          [
            -2.0,
            0.856886075
          ],
          [
            -1.0,
            0.88755504
          ],
          [
            0.0,
            0.913861
          ],
          [
            1.0,
            0.9403514
          ],
          [
            2.0,
            0.990328225
          ]
        ]
      }
    },
    "holiday_peak_mid": {
      "sigma_scale": 0.10196925808580859,
      "traffic_scale": 1.038601217161716,
      "incident_scale": 1.4373356547854785,
      "weather_scale": 1.019677188118812,
      "price_scale": 1.1661962521452145,
      "eco_scale": 1.0310316118811882,
      "spread_floor": 0.07838267641185259,
      "spread_cap": 0.4913090169401528,
      "factor_low": 1.0,
      "factor_high": 1.3130730130000001,
      "duration_mix": [
        0.22843750643810218,
        0.6508315213800009,
        0.12073097218189695
      ],
      "monetary_mix": [
        0.7354469180828669,
        0.26455308191713306
      ],
      "emissions_mix": [
        0.8874655663749462,
        0.1125344336250538
      ],
      "corr": [
        [
          1.0,
          -0.04261656707909428,
          -0.15994177989157438,
          0.6269364300303454,
          0.7092080692185672
        ],
        [
          -0.04261656707909428,
          1.0,
          -0.024073957364297013,
          0.7516447529519118,
          -0.0522857743633086
        ],
        [
          -0.15994177989157438,
          -0.024073957364297013,
          1.0,
          -0.12436082543508403,
          0.5824913859707146
        ],
        [
          0.6269364300303454,
          0.7516447529519118,
          -0.12436082543508403,
          1.0,
          0.4274250594642717
        ],
        [
          0.7092080692185672,
          -0.0522857743633086,
          0.5824913859707146,
          0.4274250594642717,
          1.0
        ]
      ],
      "transform_family": "quantile_mapping_v1",
      "shock_quantile_mapping": {
        "traffic": [
          [
            -2.0,
            0.90743875
          ],
          [
            -1.0,
            0.93703468
          ],
          [
            0.0,
            1.0297865000000002
          ],
          [
            1.0,
            1.14753976
          ],
          [
            2.0,
            1.19173405
          ]
        ],
        "incident": [
          [
            -2.0,
            1.11297275
          ],
          [
            -1.0,
            1.26949628
          ],
          [
            0.0,
            1.332473
          ],
          [
            1.0,
            1.79529428
          ],
          [
            2.0,
            1.840175275
          ]
        ],
        "weather": [
          [
            -2.0,
            0.7832928
          ],
          [
            -1.0,
            0.99094316
          ],
          [
            0.0,
            1.011568
          ],
          [
            1.0,
            1.1153241200000001
          ],
          [
            2.0,
            1.2246838
          ]
        ],
        "price": [
          [
            -2.0,
            1.010499375
          ],
          [
            -1.0,
            1.0727798800000001
          ],
          [
            0.0,
            1.161497
          ],
          [
            1.0,
            1.24756812
          ],
          [
            2.0,
            1.3723516
          ]
        ],
        "eco": [
          [
            -2.0,
            0.9256812249999999
          ],
          [
            -1.0,
            0.96718688
          ],
          [
            0.0,
            1.021966
          ],
          [
            1.0,
            1.09776676
          ],
          [
            2.0,
            1.16272045
          ]
        ]
      }
    },
    "weekday_offpeak_high": {
      "sigma_scale": 0.7147610056369785,
      "traffic_scale": 1.7966223348365278,
      "incident_scale": 1.423385164975573,
      "weather_scale": 1.0294462638105975,
      "price_scale": 1.6771864753851935,
      "eco_scale": 1.4897519331078541,
      "spread_floor": 0.18,
      "spread_cap": 0.65,
      "factor_low": 1.0,
      "factor_high": 2.28118477,
      "duration_mix": [
        0.5993352617460083,
        0.3313709948527495,
        0.06929374340124216
      ],
      "monetary_mix": [
        0.6602860284530762,
        0.3397139715469238
      ],
      "emissions_mix": [
        0.7409283115468118,
        0.25907168845318806
      ],
      "corr": [
        [
          1.0,
          0.1895416015929485,
          -0.0047374646250880025,
          0.9796210915666566,
          0.9811674251319248
        ],
        [
          0.1895416015929485,
          1.0,
          -0.2724201996984676,
          0.3828924667610206,
          0.13352439302604288
        ],
        [
          -0.0047374646250880025,
          -0.2724201996984676,
          1.0,
          -0.06018425539611848,
          0.1885088053617073
        ],
        [
          0.9796210915666566,
          0.3828924667610206,
          -0.06018425539611848,
          1.0,
          0.9504434687638582
        ],
        [
          0.9811674251319248,
          0.13352439302604288,
          0.1885088053617073,
          0.9504434687638582,
          1.0
        ]
      ],
      "transform_family": "quantile_mapping_v1",
      "shock_quantile_mapping": {
        "traffic": [
          [
            -2.0,
            1.213959
          ],
          [
            -1.0,
            1.2918514
          ],
          [
            0.0,
            1.590997
          ],
          [
            1.0,
            2.4684530000000002
          ],
          [
            2.0,
            2.9617765
          ]
        ],
        "incident": [
          [
            -2.0,
            0.986828
          ],
          [
            -1.0,
            1.2578023999999999
          ],
          [
            0.0,
            1.322934
          ],
          [
            1.0,
            1.8002972
          ],
          [
            2.0,
            1.844227
          ]
        ],
        "weather": [
          [
            -2.0,
            0.781882
          ],
          [
            -1.0,
            0.801041
          ],
          [
            0.0,
            1.009334
          ],
          [
            1.0,
            1.1799084
          ],
          [
            2.0,
            1.2743065
          ]
        ],
        "price": [
          [
            -2.0,
            1.2280525
          ],
          [
            -1.0,
            1.3142525999999999
          ],
          [
            0.0,
            1.531179
          ],
          [
            1.0,
            2.1969716000000004
          ],
          [
            2.0,
            2.5957605
          ]
        ],
        "eco": [
          [
            -2.0,
            1.083804
          ],
          [
            -1.0,
            1.184762
          ],
          [
            0.0,
            1.360895
          ],
          [
            1.0,
            1.9237528000000002
          ],
          [
            2.0,
            2.1966305000000004
          ]
        ]
      }
    },
    "weekday_offpeak_low": {
      "sigma_scale": 0.12638434539813856,
      "traffic_scale": 0.8303269793174768,
      "incident_scale": 1.2783531230610135,
      "weather_scale": 1.0834237807652534,
      "price_scale": 0.9736953495346432,
      "eco_scale": 0.9315657063081696,
      "spread_floor": 0.02,
      "spread_cap": 0.1916015107239648,
      "factor_low": 0.911133605,
      "factor_high": 1.089117152,
      "duration_mix": [
        0.3710871770809022,
        0.43920501040934595,
        0.18970781250975177
      ],
      "monetary_mix": [
        0.850366693022914,
        0.14963330697708602
      ],
      "emissions_mix": [
        0.8599523503200855,
        0.14004764967991437
      ],
      "corr": [
        [
          1.0,
          0.5269003460678866,
          -0.5175447440733066,
          0.8063832516196767,
          -0.21172529330311585
        ],
        [
          0.5269003460678866,
          1.0,
          -0.5569081565746212,
          0.9275248010209745,
          -0.4361867056674738
        ],
        [
          -0.5175447440733066,
          -0.5569081565746212,
          1.0,
          -0.6150998846925058,
          0.9458350633796679
        ],
        [
          0.8063832516196767,
          0.9275248010209745,
          -0.6150998846925058,
          1.0,
          -0.3966135612133196
        ],
        [
          -0.21172529330311585,
          -0.4361867056674738,
          0.9458350633796679,
          -0.3966135612133196,
          1.0
        ]
      ],
      "transform_family": "quantile_mapping_v1",
      "shock_quantile_mapping": {
        "traffic": [
          [
            -2.0,
            0.6838864
          ],
          [
            -1.0,
            0.7836594
          ],
          [
            0.0,
            0.837591
          ],
          [
            1.0,
            0.88240904
          ],
          [
            2.0,
            0.8967078
          ]
        ],
        "incident": [
          [
            -2.0,
            0.9690166499999999
          ],
          [
            -1.0,
            1.0338002
          ],
          [
            0.0,
            1.28497
          ],
          [
            1.0,
            1.4830236799999998
          ],
          [
            2.0,
            1.5465671
          ]
        ],
        "weather": [
          [
            -2.0,
            0.7799168000000001
          ],
          [
            -1.0,
            0.7976629199999999
          ],
          [
            0.0,
            1.017452
          ],
          [
            1.0,
            1.25937008
          ],
          [
            2.0,
            1.7546042
          ]
        ],
        "price": [
          [
            -2.0,
            0.7994115
          ],
          [
            -1.0,
            0.88787928
          ],
          [
            0.0,
            0.983235
          ],
          [
            1.0,
            1.05250344
          ],
          [
            2.0,
            1.0987036000000001
          ]
        ],
        "eco": [
          [
            -2.0,
            0.7947221
          ],
          [
            -1.0,
            0.84705652
          ],
          [
            0.0,
            0.926144
          ],
          [
            1.0,
            0.99516376
          ],
          [
            2.0,
            1.1430274999999999
          ]
        ]
      }
    },
    "weekday_offpeak_mid": {
      "sigma_scale": 0.10252820515518148,
      "traffic_scale": 1.0405850720673329,
      "incident_scale": 1.3893338485007891,
      "weather_scale": 1.0587471020515518,
      "price_scale": 1.1521846885849554,
      "eco_scale": 1.0478498953182536,
      "spread_floor": 0.0635128421837055,
      "spread_cap": 0.5092827471361341,
      "factor_low": 1.0,
      "factor_high": 1.3035582799999998,
      "duration_mix": [
        0.2327995382750514,
        0.5977209692115414,
        0.1694794925134071
      ],
      "monetary_mix": [
        0.7434279058210922,
        0.2565720941789077
      ],
      "emissions_mix": [
        0.8717031077809464,
        0.12829689221905366
      ],
      "corr": [
        [
          1.0,
          -0.013724156710775655,
          0.1341652787924621,
          0.5766574242929172,
          0.6311710264542957
        ],
        [
          -0.013724156710775655,
          1.0,
          -0.37633098874281196,
          0.8089949744123569,
          -0.30178295521556875
        ],
        [
          0.1341652787924621,
          -0.37633098874281196,
          1.0,
          -0.2286141921870359,
          0.8533123089439906
        ],
        [
          0.5766574242929172,
          0.8089949744123569,
          -0.2286141921870359,
          1.0,
          0.12447146155700821
        ],
        [
          0.6311710264542957,
          -0.30178295521556875,
          0.8533123089439906,
          0.12447146155700821,
          1.0
        ]
      ],
      "transform_family": "quantile_mapping_v1",
      "shock_quantile_mapping": {
        "traffic": [
          [
            -2.0,
            0.904885
          ],
          [
            -1.0,
            0.941529
          ],
          [
            0.0,
            1.038863
          ],
          [
            1.0,
            1.14279
          ],
          [
            2.0,
            1.1876345000000001
          ]
        ],
        "incident": [
          [
            -2.0,
            0.9783375
          ],
          [
            -1.0,
            1.151787
          ],
          [
            0.0,
            1.312277
          ],
          [
            1.0,
            1.78933
          ],
          [
            2.0,
            1.842908
          ]
        ],
        "weather": [
          [
            -2.0,
            0.7826255
          ],
          [
            -1.0,
            0.966082
          ],
          [
            0.0,
            1.011879
          ],
          [
            1.0,
            1.212376
          ],
          [
            2.0,
            1.7414515
          ]
        ],
        "price": [
          [
            -2.0,
            0.9834674999999999
          ],
          [
            -1.0,
            1.050654
          ],
          [
            0.0,
            1.141154
          ],
          [
            1.0,
            1.259843
          ],
          [
            2.0,
            1.3687065
          ]
        ],
        "eco": [
          [
            -2.0,
            0.8722814999999999
          ],
          [
            -1.0,
            0.957283
          ],
          [
            0.0,
            1.044279
          ],
          [
            1.0,
            1.126908
          ],
          [
            2.0,
            1.301752
          ]
        ]
      }
    },
    "weekday_peak_high": {
      "sigma_scale": 0.7627759448913229,
      "traffic_scale": 1.8530151942495292,
      "incident_scale": 1.4218994222146157,
      "weather_scale": 1.0388128119116893,
      "price_scale": 1.7150581721718294,
      "eco_scale": 1.5273342654458326,
      "spread_floor": 0.18,
      "spread_cap": 0.65,
      "factor_low": 1.0,
      "factor_high": 2.320471275,
      "duration_mix": [
        0.6102077369607488,
        0.31750971189323285,
        0.07228255114601824
      ],
      "monetary_mix": [
        0.6589909006386385,
        0.3410090993613615
      ],
      "emissions_mix": [
        0.7360634584129054,
        0.2639365415870945
      ],
      "corr": [
        [
          1.0,
          0.19364604140229008,
          -0.06336230170977686,
          0.9801267010426085,
          0.9796975193721877
        ],
        [
          0.19364604140229008,
          1.0,
          -0.3321332599722682,
          0.38441525686660943,
          0.12545875802494272
        ],
        [
          -0.06336230170977686,
          -0.3321332599722682,
          1.0,
          -0.12677943370202727,
          0.1380026081690181
        ],
        [
          0.9801267010426085,
          0.38441525686660943,
          -0.12677943370202727,
          1.0,
          0.9472351832473871
        ],
        [
          0.9796975193721877,
          0.12545875802494272,
          0.1380026081690181,
          0.9472351832473871,
          1.0
        ]
      ],
      "transform_family": "quantile_mapping_v1",
      "shock_quantile_mapping": {
        "traffic": [
          [
            -2.0,
            1.2172024
          ],
          [
            -1.0,
            1.31527664
          ],
          [
            0.0,
            1.65553
          ],
          [
            1.0,
            2.6606247599999997
          ],
          [
            2.0,
            2.9850277
          ]
        ],
        "incident": [
          [
            -2.0,
            0.98585065
          ],
          [
            -1.0,
            1.17380096
          ],
          [
            0.0,
            1.323806
          ],
          [
            1.0,
            1.8016646399999998
          ],
          [
            2.0,
            1.84699235
          ]
        ],
        "weather": [
          [
            -2.0,
            0.78205715
          ],
          [
            -1.0,
            0.96658472
          ],
          [
            0.0,
            1.009791
          ],
          [
            1.0,
            1.17998904
          ],
          [
            2.0,
            1.5645096499999998
          ]
        ],
        "price": [
          [
            -2.0,
            1.21834165
          ],
          [
            -1.0,
            1.33116732
          ],
          [
            0.0,
            1.590306
          ],
          [
            1.0,
            2.27245488
          ],
          [
            2.0,
            2.61887355
          ]
        ],
        "eco": [
          [
            -2.0,
            1.11099715
          ],
          [
            -1.0,
            1.2050492000000002
          ],
          [
            0.0,
            1.412893
          ],
          [
            1.0,
            2.0060011999999996
          ],
          [
            2.0,
            2.20535485
          ]
        ]
      }
    },
    "weekday_peak_low": {
      "sigma_scale": 0.12786181307269395,
      "traffic_scale": 0.8291321398900428,
      "incident_scale": 1.2645535033598045,
      "weather_scale": 1.0868855882712278,
      "price_scale": 0.9684669938912644,
      "eco_scale": 0.9322335400122175,
      "spread_floor": 0.02,
      "spread_cap": 0.1938071628640609,
      "factor_low": 0.91037235,
      "factor_high": 1.09012464,
      "duration_mix": [
        0.37646983807245404,
        0.42772560122282083,
        0.19580456070472516
      ],
      "monetary_mix": [
        0.8443963970801465,
        0.15560360291985356
      ],
      "emissions_mix": [
        0.8592798766854695,
        0.14072012331453046
      ],
      "corr": [
        [
          1.0,
          0.5192947925666365,
          -0.47624400143168966,
          0.7928363582347585,
          -0.1806398095228675
        ],
        [
          0.5192947925666365,
          1.0,
          -0.5518217658831429,
          0.9325356468427004,
          -0.43441376672349347
        ],
        [
          -0.47624400143168966,
          -0.5518217658831429,
          1.0,
          -0.5947383795208901,
          0.9508764936813633
        ],
        [
          0.7928363582347585,
          0.9325356468427004,
          -0.5947383795208901,
          1.0,
          -0.3861148852013656
        ],
        [
          -0.1806398095228675,
          -0.43441376672349347,
          0.9508764936813633,
          -0.3861148852013656,
          1.0
        ]
      ],
      "transform_family": "quantile_mapping_v1",
      "shock_quantile_mapping": {
        "traffic": [
          [
            -2.0,
            0.6895307
          ],
          [
            -1.0,
            0.78088272
          ],
          [
            0.0,
            0.836594
          ],
          [
            1.0,
            0.88021656
          ],
          [
            2.0,
            0.8961699
          ]
        ],
        "incident": [
          [
            -2.0,
            0.974169
          ],
          [
            -1.0,
            1.02062348
          ],
          [
            0.0,
            1.27881
          ],
          [
            1.0,
            1.47589232
          ],
          [
            2.0,
            1.7698824
          ]
        ],
        "weather": [
          [
            -2.0,
            0.7801497
          ],
          [
            -1.0,
            0.79327048
          ],
          [
            0.0,
            1.019154
          ],
          [
            1.0,
            1.2640292
          ],
          [
            2.0,
            1.7520259
          ]
        ],
        "price": [
          [
            -2.0,
            0.8071883
          ],
          [
            -1.0,
            0.87832092
          ],
          [
            0.0,
            0.974147
          ],
          [
            1.0,
            1.04493996
          ],
          [
            2.0,
            1.1608781
          ]
        ],
        "eco": [
          [
            -2.0,
            0.7852745
          ],
          [
            -1.0,
            0.83698624
          ],
          [
            0.0,
            0.929154
          ],
          [
            1.0,
            1.00308004
          ],
          [
            2.0,
            1.1623375999999999
          ]
        ]
      }
    },
    "weekday_peak_mid": {
      "sigma_scale": 0.10064818927789934,
      "traffic_scale": 1.0375522669584245,
      "incident_scale": 1.398564578501094,
      "weather_scale": 1.0506877902078775,
      "price_scale": 1.1530762333150983,
      "eco_scale": 1.0428065024617068,
      "spread_floor": 0.06798964976161039,
      "spread_cap": 0.5084582277924248,
      "factor_low": 1.0,
      "factor_high": 1.3097235825000002,
      "duration_mix": [
        0.22961704521323997,
        0.6103841196906602,
        0.15999883509609972
      ],
      "monetary_mix": [
        0.7423519554822641,
        0.2576480445177359
      ],
      "emissions_mix": [
        0.8759042842890016,
        0.12409571571099849
      ],
      "corr": [
        [
          1.0,
          -0.016117069437243878,
          0.14096664832900596,
          0.5842655917402972,
          0.6600114965245458
        ],
        [
          -0.016117069437243878,
          1.0,
          -0.34044251455459135,
          0.8020404548981892,
          -0.26725239579765675
        ],
        [
          0.14096664832900596,
          -0.34044251455459135,
          1.0,
          -0.1921201785203778,
          0.8367933293576564
        ],
        [
          0.5842655917402972,
          0.8020404548981892,
          -0.1921201785203778,
          1.0,
          0.17733592134928547
        ],
        [
          0.6600114965245458,
          -0.26725239579765675,
          0.8367933293576564,
          0.17733592134928547,
          1.0
        ]
      ],
      "transform_family": "quantile_mapping_v1",
      "shock_quantile_mapping": {
        "traffic": [
          [
            -2.0,
