{
  "copula_id": "gaussian_5x5_uk_v3_calibrated",
  "calibration_version": "v4-uk-residual-fit",
  "calibration_basis": "empirical",
  "generated_at_utc": "2026-03-21T13:09:06.883293Z",
  "as_of_utc": "2026-03-21T13:09:06.883304Z",
  "fit_window": {
    "start_utc": "",
    "end_utc": ""
  },
  "holdout_window": {
    "start_utc": "2026-03-04T14:58:07Z",
    "end_utc": "2026-03-04T14:58:07Z"
  },
  "split_strategy": "temporal_forward_plus_corridor_block",
  "holdout_metrics": {
    "coverage": 1.0,
    "pit_mean": 0.5149096244101729,
    "crps_mean": 0.47377558811984366,
    "duration_mape": 0.14058663646867195,
    "holdout_rows": 50000.0,
    "covered_rows": 50000.0
  },
  "regimes": {
    "holiday_offpeak_high": {
      "sigma_scale": 0.9821536634325861,
      "traffic_scale": 2.1049601599197056,
      "incident_scale": 1.361034681164269,
      "weather_scale": 1.2484656483773837,
      "price_scale": 1.8669040434928068,
      "eco_scale": 1.76236237571094,
      "spread_floor": 0.18,
      "spread_cap": 0.65,
      "factor_low": 1.0,
      "factor_high": 2.36803133,
      "duration_mix": [
        0.613834391218948,
        0.2255043242658776,
        0.16066128451517425
      ],
      "monetary_mix": [
        0.6711815467075495,
        0.3288184532924506
      ],
      "emissions_mix": [
        0.7131722223697956,
        0.28682777763020445
      ],
      "corr": [
        [
          1.0,
          -0.14696573083380968,
          0.2399956022892998,
          0.974533270767996,
          0.9672932637800977
        ],
        [
          -0.14696573083380968,
          1.0,
          -0.7864551717255531,
          0.078585040299426,
          -0.3384413906725432
        ],
        [
          0.2399956022892998,
          -0.7864551717255531,
          1.0,
          0.06358681532877926,
          0.478393318525332
        ],
        [
          0.974533270767996,
          0.078585040299426,
          0.06358681532877926,
          1.0,
          0.8981613369629947
        ],
        [
          0.9672932637800977,
          -0.3384413906725432,
          0.478393318525332,
          0.8981613369629947,
          1.0
        ]
      ],
      "transform_family": "quantile_mapping_v1",
      "shock_quantile_mapping": {
        "traffic": [
          [
            -2.0,
            1.2153579
          ],
          [
            -1.0,
            1.3579964800000002
          ],
          [
            0.0,
            2.034493
          ],
          [
            1.0,
            2.88698736
          ],
          [
            2.0,
            3.0525506
          ]
        ],
        "incident": [
          [
            -2.0,
            0.9698529
          ],
          [
            -1.0,
            1.03264848
          ],
          [
            0.0,
            1.286716
          ],
          [
            1.0,
            1.82322208
          ],
          [
            2.0,
            1.8641538
          ]
        ],
        "weather": [
          [
            -2.0,
            0.9657355
          ],
          [
            -1.0,
            0.97910104
          ],
          [
            0.0,
            1.180514
          ],
          [
            1.0,
            1.74064476
          ],
          [
            2.0,
            1.7593304
          ]
        ],
        "price": [
          [
            -2.0,
            1.226421
          ],
          [
            -1.0,
            1.37717052
          ],
          [
            0.0,
            1.833998
          ],
          [
            1.0,
            2.3780193200000004
          ],
          [
            2.0,
            2.6637145999999996
          ]
        ],
        "eco": [
          [
            -2.0,
            1.1450098999999998
          ],
          [
            -1.0,
            1.2608701599999999
          ],
          [
            0.0,
            1.741207
          ],
          [
            1.0,
            2.2450059600000003
          ],
          [
            2.0,
            2.3387889
          ]
        ]
      }
    },
    "holiday_offpeak_low": {
      "sigma_scale": 0.12546002202283849,
      "traffic_scale": 0.8252058205546492,
      "incident_scale": 1.301163442903752,
      "weather_scale": 1.105899230831974,
      "price_scale": 0.9775122381729201,
      "eco_scale": 0.937483194127243,
      "spread_floor": 0.022801928812723367,
      "spread_cap": 0.18,
      "factor_low": 0.9187010375,
      "factor_high": 1.0779038575,
      "duration_mix": [
        0.3561898759791995,
        0.43994124900664516,
        0.20386887501415538
      ],
      "monetary_mix": [
        0.8608986080080625,
        0.1391013919919375
      ],
      "emissions_mix": [
        0.8709523677023793,
        0.12904763229762065
      ],
      "corr": [
        [
          1.0,
          0.24033158452611575,
          -0.22383279859957925,
          0.5892905290893184,
          0.25419232189082447
        ],
        [
          0.24033158452611575,
          1.0,
          -0.4881775182238724,
          0.9258668484354452,
          -0.3699628719584246
        ],
        [
          -0.22383279859957925,
          -0.4881775182238724,
          1.0,
          -0.493446594179341,
          0.8857180627176259
        ],
        [
          0.5892905290893184,
          0.9258668484354452,
          -0.493446594179341,
          1.0,
          -0.20897921458753815
        ],
        [
          0.25419232189082447,
          -0.3699628719584246,
          0.8857180627176259,
          -0.20897921458753815,
          1.0
        ]
      ],
      "transform_family": "quantile_mapping_v1",
      "shock_quantile_mapping": {
        "traffic": [
          [
            -2.0,
            0.753458125
          ],
          [
            -1.0,
            0.786795
          ],
          [
            0.0,
            0.8257545
          ],
          [
            1.0,
            0.86505
          ],
          [
            2.0,
            0.89334025
          ]
        ],
        "incident": [
          [
            -2.0,
            1.096884625
          ],
          [
            -1.0,
            1.119632
          ],
          [
            0.0,
            1.201303
          ],
          [
            1.0,
            1.495332
          ],
          [
            2.0,
            1.518598125
          ]
        ],
        "weather": [
          [
            -2.0,
            1.02406175
          ],
          [
            -1.0,
            1.031252
          ],
          [
            0.0,
            1.109226
          ],
          [
            1.0,
            1.126868
          ],
          [
            2.0,
            1.5615945
          ]
        ],
        "price": [
          [
            -2.0,
            0.866486625
          ],
          [
            -1.0,
            0.901142
          ],
          [
            0.0,
            0.9723139999999999
          ],
          [
            1.0,
            1.054665
          ],
          [
            2.0,
            1.077119875
          ]
        ],
        "eco": [
          [
            -2.0,
            0.88214925
          ],
          [
            -1.0,
            0.900148
          ],
          [
            0.0,
            0.9275329999999999
          ],
          [
            1.0,
            0.967128
          ],
          [
            2.0,
            1.0985654999999999
          ]
        ]
      }
    },
    "holiday_offpeak_mid": {
      "sigma_scale": 0.1084459459843639,
      "traffic_scale": 1.0548164371002133,
      "incident_scale": 1.3825016894100923,
      "weather_scale": 1.1104888407960198,
      "price_scale": 1.1596757206823027,
      "eco_scale": 1.0770854100923952,
      "spread_floor": 0.07308546929632384,
      "spread_cap": 0.5987053149167603,
      "factor_low": 1.0,
      "factor_high": 1.342209755,
      "duration_mix": [
        0.23332742246136579,
        0.5496671903741169,
        0.21700538716451717
      ],
      "monetary_mix": [
        0.751946771634046,
        0.24805322836595387
      ],
      "emissions_mix": [
        0.855206457926229,
        0.14479354207377113
      ],
      "corr": [
        [
          1.0,
          0.2844841774037208,
          -0.09090338961492653,
          0.7093354423218603,
          0.6205848952082448
        ],
        [
          0.2844841774037208,
          1.0,
          -0.581888199712747,
          0.8775410290574595,
          -0.2612695344428395
        ],
        [
          -0.09090338961492653,
          -0.581888199712747,
          1.0,
          -0.47330097412597316,
          0.7244794357257559
        ],
        [
          0.7093354423218603,
          0.8775410290574595,
          -0.47330097412597316,
          1.0,
          0.11829803471825932
        ],
        [
          0.6205848952082448,
          -0.2612695344428395,
          0.7244794357257559,
          0.11829803471825932,
          1.0
        ]
      ],
      "transform_family": "quantile_mapping_v1",
      "shock_quantile_mapping": {
        "traffic": [
          [
            -2.0,
            0.9085823000000001
          ],
          [
            -1.0,
            0.9512090000000001
          ],
          [
            0.0,
            1.052419
          ],
          [
            1.0,
            1.15927352
          ],
          [
            2.0,
            1.1895441
          ]
        ],
        "incident": [
          [
            -2.0,
            1.0465447499999998
          ],
          [
            -1.0,
            1.1234054
          ],
          [
            0.0,
            1.297857
          ],
          [
            1.0,
            1.81156372
          ],
          [
            2.0,
            1.86118495
          ]
        ],
        "weather": [
          [
            -2.0,
            0.96925725
          ],
          [
            -1.0,
            1.005351
          ],
          [
            0.0,
            1.111065
          ],
          [
            1.0,
            1.13192644
          ],
          [
            2.0,
            1.713721849999985
          ]
        ],
        "price": [
          [
            -2.0,
            0.983134
          ],
          [
            -1.0,
            1.0359053599999999
          ],
          [
            0.0,
            1.134791
          ],
          [
            1.0,
            1.3233918
          ],
          [
            2.0,
            1.3965300999999999
          ]
        ],
        "eco": [
          [
            -2.0,
            0.9654649000000001
          ],
          [
            -1.0,
            1.0020468
          ],
          [
            0.0,
            1.073252
          ],
          [
            1.0,
            1.13774664
          ],
          [
            2.0,
            1.2778085499999994
          ]
        ]
      }
    },
    "holiday_peak_high": {
      "sigma_scale": 1.0203345801489636,
      "traffic_scale": 2.1502105757772023,
      "incident_scale": 1.3610987475712435,
      "weather_scale": 1.24818936496114,
      "price_scale": 1.8976948167098446,
      "eco_scale": 1.7894020940738342,
      "spread_floor": 0.18,
      "spread_cap": 0.65,
      "factor_low": 1.0,
      "factor_high": 2.376669835,
      "duration_mix": [
        0.6222595797985778,
        0.22067434172178138,
        0.15706607847964085
      ],
      "monetary_mix": [
        0.6692782514164904,
        0.33072174858350956
      ],
      "emissions_mix": [
        0.7110565761543123,
        0.28894342384568783
      ],
      "corr": [
        [
          1.0,
          -0.12292367711715527,
          0.2528942438103867,
          0.974312839273148,
          0.9673007691282737
        ],
        [
          -0.12292367711715527,
          1.0,
          -0.7825184295437095,
          0.10372478581249812,
          -0.31589477394985593
        ],
        [
          0.2528942438103867,
          -0.7825184295437095,
          1.0,
          0.07588341953808458,
          0.49001227498739736
        ],
        [
          0.974312839273148,
          0.10372478581249812,
          0.07588341953808458,
          1.0,
          0.8977525030776222
        ],
        [
          0.9673007691282737,
          -0.31589477394985593,
          0.49001227498739736,
          0.8977525030776222,
          1.0
        ]
      ],
      "transform_family": "quantile_mapping_v1",
      "shock_quantile_mapping": {
        "traffic": [
          [
            -2.0,
            1.226467375
          ],
          [
            -1.0,
            1.372105
          ],
          [
            0.0,
            2.179296
          ],
          [
            1.0,
            2.895071
          ],
          [
            2.0,
            3.0619775
          ]
        ],
        "incident": [
          [
            -2.0,
            0.970601
          ],
          [
            -1.0,
            1.028815
          ],
          [
            0.0,
            1.2822369999999998
          ],
          [
            1.0,
            1.824696
          ],
          [
            2.0,
            1.864680375
          ]
        ],
        "weather": [
          [
            -2.0,
            0.96551525
          ],
          [
            -1.0,
            0.980166
          ],
          [
            0.0,
            1.1787424999999998
          ],
          [
            1.0,
            1.741319
          ],
          [
            2.0,
            1.75874825
          ]
        ],
        "price": [
          [
            -2.0,
            1.229892375
          ],
          [
            -1.0,
            1.399226
          ],
          [
            0.0,
            1.9089145
          ],
          [
            1.0,
            2.380346
          ],
          [
            2.0,
            2.67362275
          ]
        ],
        "eco": [
          [
            -2.0,
            1.1519172500000001
          ],
          [
            -1.0,
            1.271004
          ],
          [
            0.0,
            1.7905134999999999
          ],
          [
            1.0,
            2.24829
          ],
          [
            2.0,
            2.33737475
          ]
        ]
      }
    },
    "holiday_peak_low": {
      "sigma_scale": 0.12535377068557918,
      "traffic_scale": 0.824988326713948,
      "incident_scale": 1.2978937517730498,
      "weather_scale": 1.1088971347517729,
      "price_scale": 0.9763180491725769,
      "eco_scale": 0.9385518335697399,
      "spread_floor": 0.023598611046944606,
      "spread_cap": 0.18,
      "factor_low": 0.9199529830000001,
      "factor_high": 1.077832326,
      "duration_mix": [
        0.35644961706782846,
        0.4363814813763854,
        0.2071689015557861
      ],
      "monetary_mix": [
        0.8598887166633161,
        0.1401112833366838
      ],
      "emissions_mix": [
        0.8717896457569663,
        0.1282103542430337
      ],
      "corr": [
        [
          1.0,
          0.1747149871869357,
          -0.10421395367353777,
          0.5517007144420004,
          0.33645281674130123
        ],
        [
          0.1747149871869357,
          1.0,
          -0.4902015984923467,
          0.9176041805641728,
          -0.3881274658449603
        ],
        [
          -0.10421395367353777,
          -0.4902015984923467,
          1.0,
          -0.45730744039323024,
          0.9015095955801578
        ],
        [
          0.5517007144420004,
          0.9176041805641728,
          -0.45730744039323024,
          1.0,
          -0.19294413800887236
        ],
        [
          0.33645281674130123,
          -0.3881274658449603,
          0.9015095955801578,
          -0.19294413800887236,
          1.0
        ]
      ],
      "transform_family": "quantile_mapping_v1",
      "shock_quantile_mapping": {
        "traffic": [
          [
            -2.0,
            0.7553571
          ],
          [
            -1.0,
            0.7879734
          ],
          [
            0.0,
            0.82469
          ],
          [
            1.0,
            0.86487496
          ],
          [
            2.0,
            0.8951240500000001
          ]
        ],
        "incident": [
          [
            -2.0,
            1.0977618
          ],
          [
            -1.0,
            1.1180906
          ],
          [
            0.0,
            1.196327
          ],
          [
            1.0,
            1.4914338
          ],
          [
            2.0,
            1.5177589
          ]
        ],
        "weather": [
          [
            -2.0,
            1.02401185
          ],
          [
            -1.0,
            1.03033296
          ],
          [
            0.0,
            1.109756
          ],
          [
            1.0,
            1.12660272
          ],
          [
            2.0,
            1.5633674
          ]
        ],
        "price": [
          [
            -2.0,
            0.8675287
          ],
          [
            -1.0,
            0.90321684
          ],
          [
            0.0,
            0.975068
          ],
          [
            1.0,
            1.05104544
          ],
          [
            2.0,
            1.0746217500000002
          ]
        ],
        "eco": [
          [
            -2.0,
            0.881553
          ],
          [
            -1.0,
            0.89951084
          ],
          [
            0.0,
            0.926607
          ],
          [
            1.0,
            0.96821336
          ],
          [
            2.0,
            1.1287409000000002
          ]
        ]
      }
    },
    "holiday_peak_mid": {
      "sigma_scale": 0.10862506245461147,
      "traffic_scale": 1.0565649288307917,
      "incident_scale": 1.3747215163398694,
      "weather_scale": 1.1038274604212055,
      "price_scale": 1.1583750490196079,
      "eco_scale": 1.0754699473493101,
      "spread_floor": 0.0683054684545246,
      "spread_cap": 0.5831111395221262,
      "factor_low": 1.0,
      "factor_high": 1.3358841215,
      "duration_mix": [
        0.23877194378175037,
        0.5487387421140679,
        0.21248931410418168
      ],
      "monetary_mix": [
        0.7499974760712913,
        0.2500025239287086
      ],
      "emissions_mix": [
        0.8547802239663964,
        0.14521977603360364
      ],
      "corr": [
        [
          1.0,
          0.28154902525432723,
          -0.030493095413603885,
          0.718914179633043,
          0.7087177873742136
        ],
        [
          0.28154902525432723,
          1.0,
          -0.5862549983641252,
          0.8693894883181534,
          -0.20819257596195354
        ],
        [
          -0.030493095413603885,
          -0.5862549983641252,
          1.0,
          -0.4403878848348591,
          0.6835530273742557
        ],
        [
          0.718914179633043,
          0.8693894883181534,
          -0.4403878848348591,
          1.0,
          0.21414521817182974
        ],
        [
          0.7087177873742136,
          -0.20819257596195354,
          0.6835530273742557,
          0.21414521817182974,
          1.0
        ]
      ],
      "transform_family": "quantile_mapping_v1",
      "shock_quantile_mapping": {
        "traffic": [
          [
            -2.0,
            0.906295425
          ],
          [
            -1.0,
            0.9506920799999999
          ],
          [
            0.0,
            1.0597695
          ],
          [
            1.0,
            1.15715016
          ],
          [
            2.0,
            1.190397675
          ]
        ],
        "incident": [
          [
            -2.0,
            1.0965374
          ],
          [
            -1.0,
            1.1271754
          ],
          [
            0.0,
            1.292419
          ],
          [
            1.0,
            1.80210744
          ],
          [
            2.0,
            1.859554925
          ]
        ],
        "weather": [
          [
            -2.0,
            0.970261775
          ],
          [
            -1.0,
            1.00947684
          ],
          [
            0.0,
            1.111822
          ],
          [
            1.0,
            1.1319831999999999
          ],
          [
            2.0,
            1.56186935
          ]
        ],
        "price": [
          [
            -2.0,
            0.9820841
          ],
          [
            -1.0,
            1.03670024
          ],
          [
            0.0,
            1.142143
          ],
          [
            1.0,
            1.29976908
          ],
          [
            2.0,
            1.39233635
          ]
        ],
        "eco": [
          [
            -2.0,
            0.967449375
          ],
          [
            -1.0,
            1.00410224
          ],
          [
            0.0,
            1.0704795
          ],
          [
            1.0,
            1.1376468
          ],
          [
            2.0,
            1.2600873749999997
          ]
        ]
      }
    },
    "weekday_offpeak_high": {
      "sigma_scale": 0.73075921525986,
      "traffic_scale": 1.8087454139329155,
      "incident_scale": 1.4197609200147439,
      "weather_scale": 1.1313504338370808,
      "price_scale": 1.6842703947659419,
      "eco_scale": 1.537787433837081,
      "spread_floor": 0.18,
      "spread_cap": 0.65,
      "factor_low": 1.0,
      "factor_high": 2.3371552600000003,
      "duration_mix": [
        0.5673530634136229,
        0.3075769082465531,
        0.12507002833982397
      ],
      "monetary_mix": [
        0.6736084050413126,
        0.32639159495868736
      ],
      "emissions_mix": [
        0.7379640942377542,
        0.2620359057622459
      ],
      "corr": [
        [
          1.0,
          0.14415624483238637,
          -0.1210058984503963,
          0.9736798923912062,
          0.9739777695714026
        ],
        [
          0.14415624483238637,
          1.0,
          -0.6745671337483461,
          0.36590127000977585,
          -0.00963035559099055
        ],
        [
          -0.1210058984503963,
          -0.6745671337483461,
          1.0,
          -0.2691733948403371,
          0.10712108241870805
        ],
        [
          0.9736798923912062,
          0.36590127000977585,
          -0.2691733948403371,
          1.0,
          0.913785580633054
        ],
        [
          0.9739777695714026,
          -0.00963035559099055,
          0.10712108241870805,
          0.913785580633054,
          1.0
        ]
      ],
      "transform_family": "quantile_mapping_v1",
      "shock_quantile_mapping": {
        "traffic": [
          [
            -2.0,
            1.2153478
          ],
          [
            -1.0,
            1.30512468
          ],
          [
            0.0,
            1.592861
          ],
          [
            1.0,
            2.4933995199999996
          ],
          [
            2.0,
            3.0584819999999997
          ]
        ],
        "incident": [
          [
            -2.0,
            0.9925916
          ],
          [
            -1.0,
            1.1270402400000001
          ],
          [
            0.0,
            1.315451
          ],
          [
            1.0,
            1.8278641599999998
          ],
          [
            2.0,
            1.8652802
          ]
        ],
        "weather": [
          [
            -2.0,
            0.9661834
          ],
          [
            -1.0,
            0.98293456
          ],
          [
            0.0,
            1.113114
          ],
          [
            1.0,
            1.1893162000000002
          ],
          [
            2.0,
            1.753994
          ]
        ],
        "price": [
          [
            -2.0,
            1.1982152
          ],
          [
            -1.0,
            1.32886624
          ],
          [
            0.0,
            1.540747
          ],
          [
            1.0,
            2.1954009999999995
          ],
          [
            2.0,
            2.6696452
          ]
        ],
        "eco": [
          [
            -2.0,
            1.1426136
          ],
          [
            -1.0,
            1.2222489600000002
          ],
          [
            0.0,
            1.430354
          ],
          [
            1.0,
            1.9765294
          ],
          [
            2.0,
            2.2334539999999996
          ]
        ]
      }
    },
    "weekday_offpeak_low": {
      "sigma_scale": 0.14650032021276593,
      "traffic_scale": 0.8043639361702127,
      "incident_scale": 1.2106008287234042,
      "weather_scale": 1.2896197212765956,
      "price_scale": 0.9343597531914895,
      "eco_scale": 0.99846625,
      "spread_floor": 0.022409678492722372,
      "spread_cap": 0.18,
      "factor_low": 0.9132098455000001,
      "factor_high": 1.0768997025,
      "duration_mix": [
        0.33692434124827525,
        0.30277216575506716,
        0.36030349299665765
      ],
      "monetary_mix": [
        0.842877071456441,
        0.15712292854355903
      ],
      "emissions_mix": [
        0.9295538026338789,
        0.07044619736612119
      ],
      "corr": [
        [
          1.0,
          0.4955371683981943,
          -0.6628173559374304,
          0.8488525755003219,
          -0.33835417776692894
        ],
        [
          0.4955371683981943,
          1.0,
          -0.7082134493041761,
          0.8797987014330785,
          -0.644928325352629
        ],
        [
          -0.6628173559374304,
          -0.7082134493041761,
          1.0,
          -0.7937612103879531,
          0.928884151534574
        ],
        [
          0.8488525755003219,
          0.8797987014330785,
          -0.7937612103879531,
          1.0,
          -0.5776782149976817
        ],
        [
          -0.33835417776692894,
          -0.644928325352629,
          0.928884151534574,
          -0.5776782149976817,
          1.0
        ]
      ],
      "transform_family": "quantile_mapping_v1",
      "shock_quantile_mapping": {
        "traffic": [
          [
            -2.0,
            0.640148925
          ],
          [
            -1.0,
            0.702922
          ],
          [
            0.0,
            0.8223294999999999
          ],
          [
            1.0,
            0.87656304
          ],
          [
            2.0,
            0.8954399749999999
          ]
        ],
        "incident": [
          [
            -2.0,
            0.967807975
          ],
          [
            -1.0,
            1.02165548
          ],
          [
            0.0,
            1.1546365
          ],
          [
            1.0,
            1.46654156
          ],
          [
            2.0,
            1.514267575
          ]
        ],
        "weather": [
          [
            -2.0,
            1.0251292
          ],
          [
            -1.0,
            1.0367743200000001
          ],
          [
            0.0,
            1.124955
          ],
          [
            1.0,
            1.74270152
          ],
          [
            2.0,
            1.7597729
          ]
        ],
        "price": [
          [
            -2.0,
            0.7527218
          ],
          [
            -1.0,
            0.8260824
          ],
          [
            0.0,
            0.932059
          ],
          [
            1.0,
            1.03983908
          ],
          [
            2.0,
            1.077989175
          ]
        ],
        "eco": [
          [
            -2.0,
            0.8922341
          ],
          [
            -1.0,
            0.91726592
          ],
          [
            0.0,
            0.969654
          ],
          [
            1.0,
            1.11281296
          ],
          [
            2.0,
            1.2063599249999999
          ]
        ]
      }
    },
    "weekday_offpeak_mid": {
      "sigma_scale": 0.10018843230277186,
      "traffic_scale": 1.043178683901919,
      "incident_scale": 1.3165612707889125,
      "weather_scale": 1.208669658848614,
      "price_scale": 1.1306611226012793,
      "eco_scale": 1.1093750724946696,
      "spread_floor": 0.08125002472675988,
      "spread_cap": 0.5082391096381877,
      "factor_low": 1.0,
      "factor_high": 1.30858663,
      "duration_mix": [
        0.21502294831959443,
        0.4636651973789491,
        0.32131185430145637
      ],
      "monetary_mix": [
        0.7760095814267113,
        0.22399041857328866
      ],
      "emissions_mix": [
        0.8335580757772729,
        0.16644192422272716
      ],
      "corr": [
        [
          1.0,
          0.14364226810034636,
          -0.0708821155663024,
          0.64913371145501,
          0.4173698429563974
        ],
        [
          0.14364226810034636,
          1.0,
          -0.6566149121844547,
          0.846028922983057,
          -0.5289670590113396
        ],
        [
          -0.0708821155663024,
          -0.6566149121844547,
          1.0,
          -0.5428898789139754,
          0.8768669099720381
        ],
        [
          0.64913371145501,
          0.846028922983057,
          -0.5428898789139754,
          1.0,
          -0.18174102401102515
        ],
        [
          0.4173698429563974,
          -0.5289670590113396,
          0.8768669099720381,
          -0.18174102401102515,
          1.0
        ]
      ],
      "transform_family": "quantile_mapping_v1",
      "shock_quantile_mapping": {
        "traffic": [
          [
            -2.0,
            0.908612875
          ],
          [
            -1.0,
            0.945627
          ],
          [
            0.0,
            1.0413165
          ],
          [
            1.0,
            1.142571
          ],
          [
            2.0,
            1.1886585
          ]
        ],
        "incident": [
          [
            -2.0,
            0.980974375
          ],
          [
            -1.0,
            1.108861
          ],
          [
            0.0,
            1.267973
          ],
          [
            1.0,
            1.516919
          ],
          [
            2.0,
            1.8585275
          ]
        ],
        "weather": [
          [
            -2.0,
            0.9664682499999999
          ],
          [
            -1.0,
            1.025734
          ],
          [
            0.0,
            1.1277745000000001
          ],
          [
            1.0,
            1.556308
          ],
          [
            2.0,
            1.757058375
          ]
        ],
        "price": [
          [
            -2.0,
            0.969947
          ],
          [
            -1.0,
            1.030993
          ],
          [
            0.0,
            1.1133555
          ],
          [
            1.0,
            1.249866
          ],
          [
            2.0,
            1.379210375
          ]
        ],
        "eco": [
          [
            -2.0,
            0.9738045
          ],
          [
            -1.0,
            1.016331
          ],
          [
            0.0,
            1.0858365
          ],
          [
            1.0,
            1.244137
          ],
          [
            2.0,
            1.354319375
          ]
        ]
      }
    },
    "weekday_peak_high": {
      "sigma_scale": 0.7724808126777053,
      "traffic_scale": 1.858117298544907,
      "incident_scale": 1.4154504403746444,
      "weather_scale": 1.1391094264927244,
      "price_scale": 1.7164639202207725,
      "eco_scale": 1.5705141548753974,
      "spread_floor": 0.18,
      "spread_cap": 0.65,
      "factor_low": 1.0,
      "factor_high": 2.370392396,
      "duration_mix": [
        0.5784876961456086,
        0.2957807966989119,
        0.1257315071554796
      ],
      "monetary_mix": [
        0.671864407609653,
        0.328135592390347
      ],
      "emissions_mix": [
        0.7337440791174706,
        0.2662559208825295
      ],
      "corr": [
        [
          1.0,
          0.1460394725923374,
          -0.1586825348737829,
          0.9749319581928397,
          0.9722165722981306
        ],
        [
          0.1460394725923374,
          1.0,
          -0.6737395794417793,
          0.3624962460283975,
          -0.012258831700818392
        ],
        [
          -0.1586825348737829,
          -0.6737395794417793,
          1.0,
          -0.3010263684582499,
          0.07684347879115783
        ],
        [
          0.9749319581928397,
          0.3624962460283975,
          -0.3010263684582499,
          1.0,
          0.9131539980028306
        ],
        [
          0.9722165722981306,
          -0.012258831700818392,
          0.07684347879115783,
          0.9131539980028306,
          1.0
        ]
      ],
      "transform_family": "quantile_mapping_v1",
      "shock_quantile_mapping": {
        "traffic": [
          [
            -2.0,
            1.21877675
          ],
          [
            -1.0,
            1.3182144
          ],
          [
            0.0,
            1.652418
          ],
          [
            1.0,
            2.679767159999998
          ],
          [
            2.0,
            3.07109715
          ]
        ],
        "incident": [
          [
            -2.0,
            0.9904201
          ],
          [
            -1.0,
            1.1252068
          ],
          [
            0.0,
            1.316285
          ],
          [
            1.0,
            1.82751364
          ],
          [
            2.0,
            1.8654978500000001
          ]
        ],
        "weather": [
          [
            -2.0,
            0.96575515
          ],
          [
            -1.0,
            0.98317576
          ],
          [
            0.0,
            1.113208
          ],
          [
            1.0,
            1.19038964
          ],
          [
            2.0,
            1.7548662000000002
          ]
        ],
        "price": [
          [
            -2.0,
            1.202623
          ],
          [
            -1.0,
            1.33171504
          ],
          [
            0.0,
            1.590824
          ],
          [
            1.0,
            2.2583004399999997
          ],
          [
            2.0,
            2.68226015
          ]
        ],
        "eco": [
          [
            -2.0,
            1.14469515
          ],
          [
            -1.0,
            1.23369544
          ],
          [
            0.0,
            1.472601
          ],
          [
            1.0,
            2.0669594399999993
          ],
          [
            2.0,
            2.2396346
          ]
        ]
      }
    },
    "weekday_peak_low": {
      "sigma_scale": 0.1512459237861094,
      "traffic_scale": 0.7991756330669945,
      "incident_scale": 1.1953381376767056,
      "weather_scale": 1.3343961591886908,
      "price_scale": 0.9259476410571604,
      "eco_scale": 1.013263832206515,
      "spread_floor": 0.02,
      "spread_cap": 0.18,
      "factor_low": 0.9155678949999999,
      "factor_high": 1.077276968,
      "duration_mix": [
        0.3307920428244152,
        0.2784741172345422,
        0.39073383994104266
      ],
      "monetary_mix": [
        0.84153959474539,
        0.15846040525461003
      ],
      "emissions_mix": [
        0.9225269235987643,
        0.07747307640123559
      ],
      "corr": [
        [
          1.0,
          0.5040876178991931,
          -0.669739331630912,
          0.8628635262431821,
          -0.3438836697590037
        ],
        [
          0.5040876178991931,
          1.0,
          -0.725419207199981,
          0.8714807356036925,
          -0.6637355966768371
        ],
        [
          -0.669739331630912,
          -0.725419207199981,
          1.0,
          -0.8048536098709123,
          0.9276194245165597
        ],
        [
          0.8628635262431821,
          0.8714807356036925,
          -0.8048536098709123,
          1.0,
          -0.5837155242136747
        ],
        [
          -0.3438836697590037,
          -0.6637355966768371,
          0.9276194245165597,
          -0.5837155242136747,
          1.0
        ]
      ],
      "transform_family": "quantile_mapping_v1",
      "shock_quantile_mapping": {
        "traffic": [
          [
            -2.0,
            0.64067375
          ],
          [
            -1.0,
            0.69498348
          ],
          [
            0.0,
            0.822007
          ],
          [
            1.0,
            0.8758166000000001
          ],
          [
            2.0,
            0.89585005
          ]
        ],
        "incident": [
          [
            -2.0,
            0.9717979
          ],
          [
            -1.0,
            1.0114992
          ],
          [
            0.0,
            1.153903
          ],
          [
            1.0,
            1.45878964
          ],
          [
            2.0,
            1.5101044000000001
          ]
        ],
        "weather": [
          [
            -2.0,
            1.0250493
          ],
          [
            -1.0,
            1.03994636
          ],
          [
            0.0,
            1.174318
          ],
          [
            1.0,
            1.74711584
          ],
          [
            2.0,
            1.7593997
          ]
        ],
        "price": [
          [
            -2.0,
            0.758146
          ],
          [
            -1.0,
            0.8175148799999999
          ],
          [
            0.0,
            0.924669
          ],
          [
            1.0,
            1.03318412
          ],
          [
            2.0,
            1.078797
          ]
        ],
        "eco": [
          [
            -2.0,
            0.89445905
          ],
          [
            -1.0,
            0.9237110000000001
          ],
          [
            0.0,
            0.98426
          ],
          [
            1.0,
            1.12851876
          ],
          [
            2.0,
            1.2053465
          ]
        ]
      }
    },
    "weekday_peak_mid": {
      "sigma_scale": 0.1,
      "traffic_scale": 1.0404876252124646,
      "incident_scale": 1.3242610793201133,
      "weather_scale": 1.192890004815864,
      "price_scale": 1.131295154674221,
      "eco_scale": 1.1014485872521247,
      "spread_floor": 0.07768601689574949,
      "spread_cap": 0.49785346774568134,
      "factor_low": 1.0,
      "factor_high": 1.300858409,
      "duration_mix": [
        0.21460040352711662,
        0.4779659503938667,
        0.3074336460790166
      ],
      "monetary_mix": [
        0.7733903140421319,
        0.2266096859578682
      ],
      "emissions_mix": [
        0.8378602028605738,
        0.16213979713942617
      ],
      "corr": [
        [
          1.0,
          0.10383715029714803,
          -0.013781477155389929,
          0.6258438289015232,
          0.4705507119872311
        ],
        [
          0.10383715029714803,
          1.0,
          -0.6525885233110662,
          0.8407180792222829,
          -0.525757853878375
        ],
        [
          -0.013781477155389929,
          -0.6525885233110662,
          1.0,
          -0.5192545985610347,
          0.8758042705521875
        ],
        [
          0.6258438289015232,
          0.8407180792222829,
          -0.5192545985610347,
          1.0,
          -0.15611736610388885
        ],
        [
          0.4705507119872311,
          -0.525757853878375,
          0.8758042705521875,
          -0.15611736610388885,
          1.0
        ]
      ],
      "transform_family": "quantile_mapping_v1",
      "shock_quantile_mapping": {
        "traffic": [
          [
            -2.0,
            0.9073706
          ],
          [
            -1.0,
            0.95000456
