{
  "copula_id": "gaussian_5x5_uk_v3_calibrated",
  "calibration_version": "v4-uk-residual-fit",
  "calibration_basis": "empirical",
  "generated_at_utc": "2026-02-24T12:37:20.188824Z",
  "as_of_utc": "2026-02-24T12:37:20.188844Z",
  "fit_window": {
    "start_utc": "",
    "end_utc": ""
  },
  "holdout_window": {
    "start_utc": "2026-02-24T12:35:20Z",
    "end_utc": "2026-02-24T12:35:20Z"
  },
  "split_strategy": "temporal_forward_plus_corridor_block",
  "holdout_metrics": {
    "coverage": 1.0,
    "pit_mean": 0.515336836224633,
    "crps_mean": 0.4729003433694108,
    "duration_mape": 0.14018411291719302,
    "holdout_rows": 120000.0,
    "covered_rows": 120000.0
  },
  "regimes": {
    "holiday_offpeak_high": {
      "sigma_scale": 0.9907052054980948,
      "traffic_scale": 2.115039758982036,
      "incident_scale": 1.3635071944746868,
      "weather_scale": 1.2452491687534024,
      "price_scale": 1.8745493591453455,
      "eco_scale": 1.767123528851388,
      "spread_floor": 0.18,
      "spread_cap": 0.65,
      "factor_low": 1.0,
      "factor_high": 2.3739583765,
      "duration_mix": [
        0.6159519658751254,
        0.22568315786666246,
        0.15836487625821216
      ],
      "monetary_mix": [
        0.6704985014840925,
        0.32950149851590743
      ],
      "emissions_mix": [
        0.712928975024224,
        0.2870710249757761
      ],
      "corr": [
        [
          1.0,
          -0.11909095236551978,
          0.21833580206547068,
          0.9750507226772949,
          0.9674286225648266
        ],
        [
          -0.11909095236551978,
          1.0,
          -0.7860276567221832,
          0.10428269109580336,
          -0.31236453895738286
        ],
        [
          0.21833580206547068,
          -0.7860276567221832,
          1.0,
          0.04296699914142282,
          0.4582608288426895
        ],
        [
          0.9750507226772949,
          0.10428269109580336,
          0.04296699914142282,
          1.0,
          0.8992139335273546
        ],
        [
          0.9674286225648266,
          -0.31236453895738286,
          0.4582608288426895,
          0.8992139335273546,
          1.0
        ]
      ],
      "transform_family": "quantile_mapping_v1",
      "shock_quantile_mapping": {
        "traffic": [
          [
            -2.0,
            1.21790435
          ],
          [
            -1.0,
            1.35655668
          ],
          [
            0.0,
            2.0480565
          ],
          [
            1.0,
            2.89404064
          ],
          [
            2.0,
            3.061773875
          ]
        ],
        "incident": [
          [
            -2.0,
            0.9717884999999999
          ],
          [
            -1.0,
            1.0305618
          ],
          [
            0.0,
            1.28673
          ],
          [
            1.0,
            1.82509856
          ],
          [
            2.0,
            1.86452115
          ]
        ],
        "weather": [
          [
            -2.0,
            0.9659858
          ],
          [
            -1.0,
            0.979832
          ],
          [
            0.0,
            1.1799439999999999
          ],
          [
            1.0,
            1.74037852
          ],
          [
            2.0,
            1.758326525
          ]
        ],
        "price": [
          [
            -2.0,
            1.22671855
          ],
          [
            -1.0,
            1.37138044
          ],
          [
            0.0,
            1.842179
          ],
          [
            1.0,
            2.38118712
          ],
          [
            2.0,
            2.67293755
          ]
        ],
        "eco": [
          [
            -2.0,
            1.14769875
          ],
          [
            -1.0,
            1.26977768
          ],
          [
            0.0,
            1.743572
          ],
          [
            1.0,
            2.2439268799999996
          ],
          [
            2.0,
            2.33713545
          ]
        ]
      }
    },
    "holiday_offpeak_low": {
      "sigma_scale": 0.12469634356261024,
      "traffic_scale": 0.8260216846560846,
      "incident_scale": 1.3020563347442682,
      "weather_scale": 1.1011165481481482,
      "price_scale": 0.9783527636684303,
      "eco_scale": 0.9360596141093475,
      "spread_floor": 0.023880241246894238,
      "spread_cap": 0.18,
      "factor_low": 0.9201561399999999,
      "factor_high": 1.0782744750000002,
      "duration_mix": [
        0.3571381661334832,
        0.44320763233950344,
        0.19965420152701333
      ],
      "monetary_mix": [
        0.860966378112226,
        0.13903362188777404
      ],
      "emissions_mix": [
        0.8692748287557045,
        0.13072517124429542
      ],
      "corr": [
        [
          1.0,
          0.21097660830245246,
          -0.1547379790705848,
          0.5568122074770547,
          0.3202441618374771
        ],
        [
          0.21097660830245246,
          1.0,
          -0.5059526289567443,
          0.9294160111333409,
          -0.386283024565431
        ],
        [
          -0.1547379790705848,
          -0.5059526289567443,
          1.0,
          -0.4883598386120469,
          0.8863709701604223
        ],
        [
          0.5568122074770547,
          0.9294160111333409,
          -0.4883598386120469,
          1.0,
          -0.20734797520372492
        ],
        [
          0.3202441618374771,
          -0.386283024565431,
          0.8863709701604223,
          -0.20734797520372492,
          1.0
        ]
      ],
      "transform_family": "quantile_mapping_v1",
      "shock_quantile_mapping": {
        "traffic": [
          [
            -2.0,
            0.7562697
          ],
          [
            -1.0,
            0.7884962
          ],
          [
            0.0,
            0.825105
          ],
          [
            1.0,
            0.8645647599999999
          ],
          [
            2.0,
            0.89419385
          ]
        ],
        "incident": [
          [
            -2.0,
            1.09740885
          ],
          [
            -1.0,
            1.1187023600000001
          ],
          [
            0.0,
            1.197722
          ],
          [
            1.0,
            1.49505312
          ],
          [
            2.0,
            1.51842655
          ]
        ],
        "weather": [
          [
            -2.0,
            1.02443445
          ],
          [
            -1.0,
            1.03075488
          ],
          [
            0.0,
            1.10913
          ],
          [
            1.0,
            1.1260774800000002
          ],
          [
            2.0,
            1.5575704
          ]
        ],
        "price": [
          [
            -2.0,
            0.8689798
          ],
          [
            -1.0,
            0.90389076
          ],
          [
            0.0,
            0.978223
          ],
          [
            1.0,
            1.0532697599999998
          ],
          [
            2.0,
            1.0772453
          ]
        ],
        "eco": [
          [
            -2.0,
            0.88306735
          ],
          [
            -1.0,
            0.8997904800000001
          ],
          [
            0.0,
            0.927272
          ],
          [
            1.0,
            0.9651308
          ],
          [
            2.0,
            1.0987451000000001
          ]
        ]
      }
    },
    "holiday_offpeak_mid": {
      "sigma_scale": 0.10876011983096891,
      "traffic_scale": 1.0575789734379715,
      "incident_scale": 1.3728532161183218,
      "weather_scale": 1.1084982357380018,
      "price_scale": 1.1584667295502564,
      "eco_scale": 1.077946676728041,
      "spread_floor": 0.07321715722186659,
      "spread_cap": 0.5956962315153308,
      "factor_low": 1.0,
      "factor_high": 1.3392880379999998,
      "duration_mix": [
        0.23889021191503018,
        0.5441784547458707,
        0.216931333339099
      ],
      "monetary_mix": [
        0.7507898348022949,
        0.2492101651977052
      ],
      "emissions_mix": [
        0.8533289672225152,
        0.14667103277748492
      ],
      "corr": [
        [
          1.0,
          0.2718199917446802,
          -0.09550916710813037,
          0.708391611653639,
          0.6445325985052731
        ],
        [
          0.2718199917446802,
          1.0,
          -0.5790511914903259,
          0.8717991742012395,
          -0.24962518992515206
        ],
        [
          -0.09550916710813037,
          -0.5790511914903259,
          1.0,
          -0.4733132523687655,
          0.6995228342218547
        ],
        [
          0.708391611653639,
          0.8717991742012395,
          -0.4733132523687655,
          1.0,
          0.14500223204139756
        ],
        [
          0.6445325985052731,
          -0.24962518992515206,
          0.6995228342218547,
          0.14500223204139756,
          1.0
        ]
      ],
      "transform_family": "quantile_mapping_v1",
      "shock_quantile_mapping": {
        "traffic": [
          [
            -2.0,
            0.9073439999999999
          ],
          [
            -1.0,
            0.95336084
          ],
          [
            0.0,
            1.055875
          ],
          [
            1.0,
            1.16014768
          ],
          [
            2.0,
            1.192953
          ]
        ],
        "incident": [
          [
            -2.0,
            1.0950795999999998
          ],
          [
            -1.0,
            1.12236232
          ],
          [
            0.0,
            1.282768
          ],
          [
            1.0,
            1.80605252
          ],
          [
            2.0,
            1.8567626000000002
          ]
        ],
        "weather": [
          [
            -2.0,
            0.9691196
          ],
          [
            -1.0,
            1.00754912
          ],
          [
            0.0,
            1.111749
          ],
          [
            1.0,
            1.1734326
          ],
          [
            2.0,
            1.5694636
          ]
        ],
        "price": [
          [
            -2.0,
            0.984429
          ],
          [
            -1.0,
            1.037907
          ],
          [
            0.0,
            1.136674
          ],
          [
            1.0,
            1.30111432
          ],
          [
            2.0,
            1.3945965999999999
          ]
        ],
        "eco": [
          [
            -2.0,
            0.9669066
          ],
          [
            -1.0,
            1.00387568
          ],
          [
            0.0,
            1.07593
          ],
          [
            1.0,
            1.13921428
          ],
          [
            2.0,
            1.2577998
          ]
        ]
      }
    },
    "holiday_peak_high": {
      "sigma_scale": 1.0254033986220472,
      "traffic_scale": 2.1563697572178477,
      "incident_scale": 1.362430372440945,
      "weather_scale": 1.243900072769029,
      "price_scale": 1.902309180839895,
      "eco_scale": 1.7913818826115484,
      "spread_floor": 0.18,
      "spread_cap": 0.65,
      "factor_low": 1.0,
      "factor_high": 2.3786986305,
      "duration_mix": [
        0.6242507912515505,
        0.22097306241212275,
        0.1547761463363267
      ],
      "monetary_mix": [
        0.6686203982442865,
        0.3313796017557134
      ],
      "emissions_mix": [
        0.710896432802305,
        0.2891035671976951
      ],
      "corr": [
        [
          1.0,
          -0.10171684199329115,
          0.24246997096100245,
          0.9748835964018211,
          0.9678589577966881
        ],
        [
          -0.10171684199329115,
          1.0,
          -0.7814292444565731,
          0.1223977887724297,
          -0.2946234942360457
        ],
        [
          0.24246997096100245,
          -0.7814292444565731,
          1.0,
          0.06695812527400652,
          0.4786655040129131
        ],
        [
          0.9748835964018211,
          0.1223977887724297,
          0.06695812527400652,
          1.0,
          0.8996307024168213
        ],
        [
          0.9678589577966881,
          -0.2946234942360457,
          0.4786655040129131,
          0.8996307024168213,
          1.0
        ]
      ],
      "transform_family": "quantile_mapping_v1",
      "shock_quantile_mapping": {
        "traffic": [
          [
            -2.0,
            1.222951
          ],
          [
            -1.0,
            1.368178
          ],
          [
            0.0,
            2.1953645
          ],
          [
            1.0,
            2.9014488
          ],
          [
            2.0,
            3.064432825
          ]
        ],
        "incident": [
          [
            -2.0,
            0.970158725
          ],
          [
            -1.0,
            1.03013464
          ],
          [
            0.0,
            1.285101
          ],
          [
            1.0,
            1.8243208
          ],
          [
            2.0,
            1.86486525
          ]
        ],
        "weather": [
          [
            -2.0,
            0.9658216749999999
          ],
          [
            -1.0,
            0.9801186
          ],
          [
            0.0,
            1.178974
          ],
          [
            1.0,
            1.7406398
          ],
          [
            2.0,
            1.758632375
          ]
        ],
        "price": [
          [
            -2.0,
            1.2298398750000001
          ],
          [
            -1.0,
            1.39367528
          ],
          [
            0.0,
            1.9269180000000001
          ],
          [
            1.0,
            2.38722236
          ],
          [
            2.0,
            2.6758626
          ]
        ],
        "eco": [
          [
            -2.0,
            1.152151425
          ],
          [
            -1.0,
            1.27195184
          ],
          [
            0.0,
            1.80003
          ],
          [
            1.0,
            2.2467918
          ],
          [
            2.0,
            2.337085225
          ]
        ]
      }
    },
    "holiday_peak_low": {
      "sigma_scale": 0.1248352150882825,
      "traffic_scale": 0.8262206966292135,
      "incident_scale": 1.3023260092295346,
      "weather_scale": 1.104191003812199,
      "price_scale": 0.9785743966693419,
      "eco_scale": 0.9374088119983949,
      "spread_floor": 0.024408375040198237,
      "spread_cap": 0.18,
      "factor_low": 0.9184286155000001,
      "factor_high": 1.0784772705,
      "duration_mix": [
        0.3556856130614716,
        0.44197257747356633,
        0.20234180946496208
      ],
      "monetary_mix": [
        0.8615811204616154,
        0.13841887953838472
      ],
      "emissions_mix": [
        0.8707110313328355,
        0.12928896866716458
      ],
      "corr": [
        [
          1.0,
          0.21524111647568825,
          -0.12780893890603198,
          0.5694993290089859,
          0.3306360107366514
        ],
        [
          0.21524111647568825,
          1.0,
          -0.5005812397556526,
          0.9253047500320691,
          -0.3789911124992236
        ],
        [
          -0.12780893890603198,
          -0.5005812397556526,
          1.0,
          -0.4709813116337942,
          0.8937601713870155
        ],
        [
          0.5694993290089859,
          0.9253047500320691,
          -0.4709813116337942,
          1.0,
          -0.1906100895079738
        ],
        [
          0.3306360107366514,
          -0.3789911124992236,
          0.8937601713870155,
          -0.1906100895079738,
          1.0
        ]
      ],
      "transform_family": "quantile_mapping_v1",
      "shock_quantile_mapping": {
        "traffic": [
          [
            -2.0,
            0.755634275
          ],
          [
            -1.0,
            0.78955588
          ],
          [
            0.0,
            0.82587
          ],
          [
            1.0,
            0.86517464
          ],
          [
            2.0,
            0.894043
          ]
        ],
        "incident": [
          [
            -2.0,
            1.09717165
          ],
          [
            -1.0,
            1.1173432
          ],
          [
            0.0,
            1.204351
          ],
          [
            1.0,
            1.49482548
          ],
          [
            2.0,
            1.517800275
          ]
        ],
        "weather": [
          [
            -2.0,
            1.0243075000000001
          ],
          [
            -1.0,
            1.03078096
          ],
          [
            0.0,
            1.1090145
          ],
          [
            1.0,
            1.1264642
          ],
          [
            2.0,
            1.560832425
          ]
        ],
        "price": [
          [
            -2.0,
            0.866703025
          ],
          [
            -1.0,
            0.9044194
          ],
          [
            0.0,
            0.9773285
          ],
          [
            1.0,
            1.05522264
          ],
          [
            2.0,
            1.07751985
          ]
        ],
        "eco": [
          [
            -2.0,
            0.88300265
          ],
          [
            -1.0,
            0.89963832
          ],
          [
            0.0,
            0.92762
          ],
          [
            1.0,
            0.9652611600000001
          ],
          [
            2.0,
            1.116339875
          ]
        ]
      }
    },
    "holiday_peak_mid": {
      "sigma_scale": 0.10795186815286624,
      "traffic_scale": 1.0555178135350318,
      "incident_scale": 1.3636547484076433,
      "weather_scale": 1.1041049078025478,
      "price_scale": 1.1541216426751593,
      "eco_scale": 1.0749526585987261,
      "spread_floor": 0.06664372790050525,
      "spread_cap": 0.5758373735755639,
      "factor_low": 1.0,
      "factor_high": 1.334484797,
      "duration_mix": [
        0.2408569554712333,
        0.5433809808034475,
        0.21576206372531903
      ],
      "monetary_mix": [
        0.7502078873833178,
        0.24979211261668227
      ],
      "emissions_mix": [
        0.8535737601411751,
        0.1464262398588249
      ],
      "corr": [
        [
          1.0,
          0.27910512508901686,
          -0.05643165665887089,
          0.7276964822447234,
          0.7288381425024387
        ],
        [
          0.27910512508901686,
          1.0,
          -0.5799803751041693,
          0.8617458446311986,
          -0.1835148624491105
        ],
        [
          -0.05643165665887089,
          -0.5799803751041693,
          1.0,
          -0.44408592494857696,
          0.642465416307203
        ],
        [
          0.7276964822447234,
          0.8617458446311986,
          -0.44408592494857696,
          1.0,
          0.2539895814849981
        ],
        [
          0.7288381425024387,
          -0.1835148624491105,
          0.642465416307203,
          0.2539895814849981,
          1.0
        ]
      ],
      "transform_family": "quantile_mapping_v1",
      "shock_quantile_mapping": {
        "traffic": [
          [
            -2.0,
            0.90668545
          ],
          [
            -1.0,
            0.9460024
          ],
          [
            0.0,
            1.0588484999999999
          ],
          [
            1.0,
            1.15750052
          ],
          [
            2.0,
            1.191466975
          ]
        ],
        "incident": [
          [
            -2.0,
            1.097603675
          ],
          [
            -1.0,
            1.1257659199999999
          ],
          [
            0.0,
            1.282259
          ],
          [
            1.0,
            1.79707684
          ],
          [
            2.0,
            1.85665855
          ]
        ],
        "weather": [
          [
            -2.0,
            0.9721017750000001
          ],
          [
            -1.0,
            1.01312836
          ],
          [
            0.0,
            1.1129225
          ],
          [
            1.0,
            1.17372332
          ],
          [
            2.0,
            1.55990615
          ]
        ],
        "price": [
          [
            -2.0,
            0.980744875
          ],
          [
            -1.0,
            1.0319265199999998
          ],
          [
            0.0,
            1.1386509999999999
          ],
          [
            1.0,
            1.2876063999999998
          ],
          [
            2.0,
            1.391039875
          ]
        ],
        "eco": [
          [
            -2.0,
            0.9668482
          ],
          [
            -1.0,
            1.00316056
          ],
          [
            0.0,
            1.0723090000000002
          ],
          [
            1.0,
            1.13930728
          ],
          [
            2.0,
            1.2254134999999997
          ]
        ]
      }
    },
    "weekday_offpeak_high": {
      "sigma_scale": 0.7523443425715584,
      "traffic_scale": 1.8345971462971375,
      "incident_scale": 1.4149934279872785,
      "weather_scale": 1.1350829291231257,
      "price_scale": 1.700323976222929,
      "eco_scale": 1.5547914523701347,
      "spread_floor": 0.18,
      "spread_cap": 0.65,
      "factor_low": 1.0,
      "factor_high": 2.3508718310000005,
      "duration_mix": [
        0.5742184412020506,
        0.3003448918781568,
        0.1254366669197926
      ],
      "monetary_mix": [
        0.6725250293090352,
        0.32747497069096476
      ],
      "emissions_mix": [
        0.7354445828260092,
        0.2645554171739909
      ],
      "corr": [
        [
          1.0,
          0.17710497643988476,
          -0.14035232035096146,
          0.9751253835540916,
          0.9741562864006044
        ],
        [
          0.17710497643988476,
          1.0,
          -0.6755123853121987,
          0.3908496234690181,
          0.024091811808511512
        ],
        [
          -0.14035232035096146,
          -0.6755123853121987,
          1.0,
          -0.28339788499130464,
          0.08691413994886227
        ],
        [
          0.9751253835540916,
          0.3908496234690181,
          -0.28339788499130464,
          1.0,
          0.9164946098983108
        ],
        [
          0.9741562864006044,
          0.024091811808511512,
          0.08691413994886227,
          0.9164946098983108,
          1.0
        ]
      ],
      "transform_family": "quantile_mapping_v1",
      "shock_quantile_mapping": {
        "traffic": [
          [
            -2.0,
            1.2143169999999999
          ],
          [
            -1.0,
            1.3143942000000002
          ],
          [
            0.0,
            1.621147
          ],
          [
            1.0,
            2.5912239599999984
          ],
          [
            2.0,
            3.0607689000000002
          ]
        ],
        "incident": [
          [
            -2.0,
            0.9904707500000001
          ],
          [
            -1.0,
            1.12698036
          ],
          [
            0.0,
            1.312958
          ],
          [
            1.0,
            1.82891544
          ],
          [
            2.0,
            1.8652832
          ]
        ],
        "weather": [
          [
            -2.0,
            0.96654945
          ],
          [
            -1.0,
            0.98263992
          ],
          [
            0.0,
            1.115249
          ],
          [
            1.0,
            1.19001796
          ],
          [
            2.0,
            1.75392075
          ]
        ],
        "price": [
          [
            -2.0,
            1.1995482000000002
          ],
          [
            -1.0,
            1.3324496000000001
          ],
          [
            0.0,
            1.557243
          ],
          [
            1.0,
            2.25084236
          ],
          [
            2.0,
            2.6730463
          ]
        ],
        "eco": [
          [
            -2.0,
            1.14583685
          ],
          [
            -1.0,
            1.2318142
          ],
          [
            0.0,
            1.44145
          ],
          [
            1.0,
            2.00267472
          ],
          [
            2.0,
            2.2339339
          ]
        ]
      }
    },
    "weekday_offpeak_low": {
      "sigma_scale": 0.14513908279370955,
      "traffic_scale": 0.8063129199814986,
      "incident_scale": 1.2052506281221091,
      "weather_scale": 1.2914578728029602,
      "price_scale": 0.9339729847363553,
      "eco_scale": 1.0003708769657724,
      "spread_floor": 0.021441148568025738,
      "spread_cap": 0.18,
      "factor_low": 0.9151961120000001,
      "factor_high": 1.0774671699999998,
      "duration_mix": [
        0.336817491605256,
        0.29914930427260433,
        0.3640332041221397
      ],
      "monetary_mix": [
        0.8418705864173338,
        0.15812941358266625
      ],
      "emissions_mix": [
        0.9301588290018581,
        0.06984117099814183
      ],
      "corr": [
        [
          1.0,
          0.4977395018233483,
          -0.6684472294721888,
          0.8499411668299187,
          -0.35101157987557047
        ],
        [
          0.4977395018233483,
          1.0,
          -0.7079811787267716,
          0.880024243598426,
          -0.6471645426700517
        ],
        [
          -0.6684472294721888,
          -0.7079811787267716,
          1.0,
          -0.7961064395150196,
          0.9310677003933318
        ],
        [
          0.8499411668299187,
          0.880024243598426,
          -0.7961064395150196,
          1.0,
          -0.5853412643683208
        ],
        [
          -0.35101157987557047,
          -0.6471645426700517,
          0.9310677003933318,
          -0.5853412643683208,
          1.0
        ]
      ],
      "transform_family": "quantile_mapping_v1",
      "shock_quantile_mapping": {
        "traffic": [
          [
            -2.0,
            0.641267775
          ],
          [
            -1.0,
            0.71054384
          ],
          [
            0.0,
            0.8257485
          ],
          [
            1.0,
            0.8784369599999999
          ],
          [
            2.0,
            0.89701045
          ]
        ],
        "incident": [
          [
            -2.0,
            0.9684366750000001
          ],
          [
            -1.0,
            1.0136356400000002
          ],
          [
            0.0,
            1.1520895
          ],
          [
            1.0,
            1.46513244
          ],
          [
            2.0,
            1.5110772
          ]
        ],
        "weather": [
          [
            -2.0,
            1.0248697
          ],
          [
            -1.0,
            1.0374425600000001
          ],
          [
            0.0,
            1.125326
          ],
          [
            1.0,
            1.7444336
          ],
          [
            2.0,
            1.759361225
          ]
        ],
        "price": [
          [
            -2.0,
            0.754895525
          ],
          [
            -1.0,
            0.82594428
          ],
          [
            0.0,
            0.9358575
          ],
          [
            1.0,
            1.0364171999999998
          ],
          [
            2.0,
            1.0785097
          ]
        ],
        "eco": [
          [
            -2.0,
            0.8915514999999999
          ],
          [
            -1.0,
            0.91795908
          ],
          [
            0.0,
            0.9698035
          ],
          [
            1.0,
            1.11644028
          ],
          [
            2.0,
            1.205062275
          ]
        ]
      }
    },
    "weekday_offpeak_mid": {
      "sigma_scale": 0.1,
      "traffic_scale": 1.039594139691068,
      "incident_scale": 1.3105637161405865,
      "weather_scale": 1.2069911083501232,
      "price_scale": 1.1263044195209313,
      "eco_scale": 1.1065529276919632,
      "spread_floor": 0.07987574472983601,
      "spread_cap": 0.48814679591154386,
      "factor_low": 1.0,
      "factor_high": 1.3012791019999999,
      "duration_mix": [
        0.2137117297611136,
        0.4627900529864808,
        0.3234982172524055
      ],
      "monetary_mix": [
        0.7767876530547752,
        0.2232123469452247
      ],
      "emissions_mix": [
        0.8339836134111233,
        0.16601638658887682
      ],
      "corr": [
        [
          1.0,
          0.14455533244699406,
          -0.09995442191252754,
          0.6598089362758558,
          0.3989004955345273
        ],
        [
          0.14455533244699406,
          1.0,
          -0.6562185342802007,
          0.8389197921173877,
          -0.5337979878368038
        ],
        [
          -0.09995442191252754,
          -0.6562185342802007,
          1.0,
          -0.5533169207918822,
          0.8725300573017345
        ],
        [
          0.6598089362758558,
          0.8389197921173877,
          -0.5533169207918822,
          1.0,
          -0.18596329151648727
        ],
        [
          0.3989004955345273,
          -0.5337979878368038,
          0.8725300573017345,
          -0.18596329151648727,
          1.0
        ]
      ],
      "transform_family": "quantile_mapping_v1",
      "shock_quantile_mapping": {
        "traffic": [
          [
            -2.0,
            0.9070090000000001
          ],
          [
            -1.0,
            0.94446188
          ],
          [
            0.0,
            1.03417
          ],
          [
            1.0,
            1.1384578399999998
          ],
          [
            2.0,
            1.18993205
          ]
        ],
        "incident": [
          [
            -2.0,
            0.9772330499999999
          ],
          [
            -1.0,
            1.1068654
          ],
          [
            0.0,
            1.272162
          ],
          [
            1.0,
            1.50864808
          ],
          [
            2.0,
            1.8511434999999998
          ]
        ],
        "weather": [
          [
            -2.0,
            0.96766885
          ],
          [
            -1.0,
            1.02842992
          ],
          [
            0.0,
            1.127587
          ],
          [
            1.0,
            1.55550144
          ],
          [
            2.0,
            1.7562681
          ]
        ],
        "price": [
          [
            -2.0,
            0.9667814499999999
          ],
          [
            -1.0,
            1.02926232
          ],
          [
            0.0,
            1.110272
          ],
          [
            1.0,
            1.23283004
          ],
          [
            2.0,
            1.3729770499999996
          ]
        ],
        "eco": [
          [
            -2.0,
            0.9688154000000001
          ],
          [
            -1.0,
            1.0152055999999998
          ],
          [
            0.0,
            1.082758
          ],
          [
            1.0,
            1.23666424
          ],
          [
            2.0,
            1.3442705499999998
          ]
        ]
      }
    },
    "weekday_peak_high": {
      "sigma_scale": 0.784330862608813,
      "traffic_scale": 1.8719725091436668,
      "incident_scale": 1.4169446344557663,
      "weather_scale": 1.1393229452729603,
      "price_scale": 1.7263636054389635,
      "eco_scale": 1.5789126848640258,
      "spread_floor": 0.18,
      "spread_cap": 0.65,
      "factor_low": 1.0,
      "factor_high": 2.372436414,
      "duration_mix": [
        0.581247416443044,
        0.2940125399980482,
        0.12474004355890783
      ],
      "monetary_mix": [
        0.6712645106083618,
        0.32873548939163816
      ],
      "emissions_mix": [
        0.732925868280899,
        0.26707413171910094
      ],
      "corr": [
        [
          1.0,
          0.1597581597081724,
          -0.16379826278256762,
          0.9754892638524539,
          0.9727350302053666
        ],
        [
          0.1597581597081724,
          1.0,
          -0.6766196972719817,
          0.3730631574707767,
          0.0024847194792806102
        ],
        [
          -0.16379826278256762,
          -0.6766196972719817,
          1.0,
          -0.3047756397976399,
          0.06945465508809247
        ],
        [
          0.9754892638524539,
          0.3730631574707767,
          -0.3047756397976399,
          1.0,
          0.914805700736667
        ],
        [
          0.9727350302053666,
          0.0024847194792806102,
          0.06945465508809247,
          0.914805700736667,
          1.0
        ]
      ],
      "transform_family": "quantile_mapping_v1",
      "shock_quantile_mapping": {
        "traffic": [
          [
            -2.0,
            1.21922015
          ],
          [
            -1.0,
            1.32072448
          ],
          [
            0.0,
            1.668216
          ],
          [
            1.0,
            2.6997818
          ],
          [
            2.0,
            3.0712066
          ]
        ],
        "incident": [
          [
            -2.0,
            0.98769065
          ],
          [
            -1.0,
            1.12460892
          ],
          [
            0.0,
            1.315496
          ],
          [
            1.0,
            1.82788436
          ],
          [
            2.0,
            1.8651910999999999
          ]
        ],
        "weather": [
          [
            -2.0,
            0.96616895
          ],
          [
            -1.0,
            0.98256104
          ],
          [
            0.0,
            1.112945
          ],
          [
            1.0,
            1.190526
          ],
          [
            2.0,
            1.75356765
          ]
        ],
        "price": [
          [
            -2.0,
            1.205417
          ],
          [
            -1.0,
            1.33332964
          ],
          [
            0.0,
            1.595424
          ],
          [
            1.0,
            2.2644789999999997
          ],
          [
            2.0,
            2.6821905
          ]
        ],
        "eco": [
          [
            -2.0,
            1.1453813
          ],
          [
            -1.0,
            1.23445332
          ],
          [
            0.0,
            1.481491
          ],
          [
            1.0,
            2.0822992799999995
          ],
          [
            2.0,
            2.23962565
          ]
        ]
      }
    },
    "weekday_peak_low": {
      "sigma_scale": 0.15063052567305021,
      "traffic_scale": 0.8004499120177629,
      "incident_scale": 1.1907514068831528,
      "weather_scale": 1.3352506655564809,
      "price_scale": 0.9253463946711074,
      "eco_scale": 1.0143701892867054,
      "spread_floor": 0.02,
      "spread_cap": 0.18,
      "factor_low": 0.915998865,
      "factor_high": 1.07782929,
      "duration_mix": [
        0.3311537800676122,
        0.2754495872254657,
        0.3933966327069222
      ],
      "monetary_mix": [
        0.8404747700818093,
        0.15952522991819085
      ],
      "emissions_mix": [
        0.9213530864646158,
        0.07864691353538418
      ],
      "corr": [
        [
          1.0,
          0.49938408441071075,
          -0.677293213267774,
          0.8620642986793366,
          -0.3559186637916171
        ],
        [
          0.49938408441071075,
          1.0,
          -0.7234635765689573,
          0.8695819987691467,
          -0.6670720294309561
        ],
        [
          -0.677293213267774,
          -0.7234635765689573,
          1.0,
          -0.8092171890969418,
          0.9285977353593458
        ],
        [
          0.8620642986793366,
          0.8695819987691467,
          -0.8092171890969418,
          1.0,
          -0.5930647964098567
        ],
        [
          -0.3559186637916171,
          -0.6670720294309561,
          0.9285977353593458,
          -0.5930647964098567,
          1.0
        ]
      ],
      "transform_family": "quantile_mapping_v1",
      "shock_quantile_mapping": {
        "traffic": [
          [
            -2.0,
            0.640471
          ],
          [
            -1.0,
            0.69549284
          ],
          [
            0.0,
            0.822391
          ],
          [
            1.0,
            0.87846512
          ],
          [
            2.0,
            0.8965899
          ]
        ],
        "incident": [
          [
            -2.0,
            0.9682446
          ],
          [
            -1.0,
            1.00942296
          ],
          [
            0.0,
            1.151104
          ],
          [
            1.0,
            1.45573656
          ],
          [
            2.0,
            1.50858695
          ]
        ],
        "weather": [
          [
            -2.0,
            1.0252132
          ],
          [
            -1.0,
            1.03981124
          ],
          [
            0.0,
            1.174368
          ],
          [
            1.0,
            1.7466482
          ],
          [
            2.0,
            1.75957595
          ]
        ],
        "price": [
          [
            -2.0,
            0.75456095
          ],
          [
            -1.0,
            0.8214940000000001
          ],
          [
            0.0,
            0.924815
          ],
          [
            1.0,
            1.0312366400000001
          ],
          [
            2.0,
            1.0809531499999998
          ]
        ],
        "eco": [
          [
            -2.0,
            0.89547695
          ],
          [
            -1.0,
            0.9240345600000001
          ],
          [
            0.0,
            0.984639
          ],
          [
            1.0,
            1.126985
          ],
          [
            2.0,
            1.20896265
          ]
        ]
      }
    },
    "weekday_peak_mid": {
      "sigma_scale": 0.1,
      "traffic_scale": 1.0377891635514018,
      "incident_scale": 1.3150138439971244,
      "weather_scale": 1.1938048398034988,
      "price_scale": 1.1265010716510904,
      "eco_scale": 1.1001954366163431,
      "spread_floor": 0.07491789050985695,
      "spread_cap": 0.48632480302045006,
      "factor_low": 1.0,
      "factor_high": 1.2943999575,
      "duration_mix": [
        0.21422254445777292,
        0.47343158659913814,
        0.3123458689430888
      ],
      "monetary_mix": [
        0.7744954163617178,
        0.2255045836382823
      ],
      "emissions_mix": [
        0.8371928966724199,
        0.16280710332758014
      ],
      "corr": [
        [
          1.0,
          0.11714745613390343,
          -0.020841106783622464,
          0.6434884116614579,
          0.46984542602584034
        ],
        [
          0.11714745613390343,
          1.0,
          -0.6437272277001822,
          0.835568362387313,
          -0.511176034272104
        ],
        [
          -0.020841106783622464,
          -0.6437272277001822,
          1.0,
          -0.5076902816876313,
          0.8727648734570101
        ],
        [
          0.6434884116614579,
          0.835568362387313,
          -0.5076902816876313,
          1.0,
          -0.13407915702695702
        ],
        [
          0.46984542602584034,
          -0.511176034272104,
          0.8727648734570101,
          -0.13407915702695702,
          1.0
        ]
      ],
      "transform_family": "quantile_mapping_v1",
      "shock_quantile_mapping": {
